1.0207600991872372,1.0536157717638135,-0.933387531334199,5.159358770956193E-4,0.008338573253772446,2.307506787131869,7.293007642616579E-4,2.6500683112023014,0.30015258252345633,1.7782741244678533,0.35839058016772507,1.307238321003921,0.03886332727202338,0.9339417213338641,evaluationTimes 0: 870.2863600953827, 1.5519623233471558
1.2841967465241375,0.9740615852200243,-1.2534653378102871,0.0016885771991017092,0.00951586679487399,-0.9206843617025351,7.365326599662707E-4,1.4523898601451837,0.36484512051984574,1.0873282881925495,1.0270590927239973,1.367697312137273,0.04475573446432797,0.9398688769316936,evaluationTimes 1: 10000.0, 10000.0
1.2336602357918633,0.9936243959006581,-2.3022961483673616,0.007658869287693869,0.002626007563542504,1.2632768153585205,0.005860577939810695,1.295010572483207,0.2548426589866766,1.1730886719288491,0.31862674731763374,1.0120926392580984,0.01607731048245136,0.9853580586590027,evaluationTimes 2: 10000.0, 10000.0
1.2926445814006293,1.031349785986455,-1.5225747188533856,0.003672909699471457,0.0027843678813835866,2.226805722103575,0.004770705295638373,2.728313308645921,0.42736036223609397,1.4705678489974008,0.4840842967779122,1.5840859402329766,0.03452820863525289,0.9949160430037621,evaluationTimes 3: 10000.0, 10000.0
1.2034516075772466,0.9609005892586199,-1.2721456215925941,0.0010538917033619498,0.009109685023695205,-0.7426668057088852,9.826024431284347E-4,2.941204157297519,0.9987669214562193,1.221152733757454,0.24556618707812392,1.0751372443693734,0.08244039571560517,0.90051486570876,evaluationTimes 4: 10000.0, 10000.0
1.0771340258580435,1.0535817561935985,-2.9402903759164225,0.0012279962658772595,0.009228055941609695,-0.38494535540572805,0.00890723179844152,2.87268118813537,0.10315734378273772,1.3027453011606709,0.21092662783943944,1.3972410423922086,0.016681388701518817,0.7135321042566937,evaluationTimes 5: 634.318457661302, 9.656096190778058
0.9480032735084477,0.9712946578290571,-2.2104307494703996,0.004939575872231927,8.182865561463785E-4,1.1203350002562606,0.0019568622323647973,2.030003034853402,0.12298144493685262,1.7792354168206446,0.9552495077561023,1.5448917279092556,0.02396505454854599,0.9164765360843447,evaluationTimes 6: 785.7945197570384, 0.7775098621266674
1.2468426173298237,1.056423679287693,-2.7647284513967625,0.004278281910628369,0.007858479341773951,0.44336133456412874,0.0022267881450871393,1.0584496685294718,0.5983003173104963,1.1638072560868842,0.6007129219800714,1.3308153765052466,0.0776784566672668,0.9937654301658162,evaluationTimes 7: 10000.0, 10000.0
1.1947005864684517,1.0377396145391133,-2.8013569107508527,0.009592823994250646,0.004474452782582604,-0.23969235491890917,0.0016284650445447413,1.3019204956893211,1.0084501657958738,1.6565365638852834,0.40811016399717115,1.2380723462072412,0.05676587593082733,0.9582736782417627,evaluationTimes 8: 10000.0, 10000.0
1.2282433429685007,1.0080291081883939,-1.2651163005438637,0.0034566015640857812,0.002185447746884313,1.5602834276510524,0.00992050216712512,2.473744396406153,0.27858751953283917,1.2601741026971567,0.44730898876250547,1.3825404767441627,0.039563781310445585,0.9790873038693894,evaluationTimes 9: 10000.0, 10000.0
1.1194648324597303,0.9555167379845565,-2.58306837371637,0.0011551087575884,0.005346783726517265,1.7570151493598711,0.003375756116541821,1.301805239436711,0.3816801170926758,1.3794549884563885,0.5944396648025375,1.4526484910504434,0.0035930975521760514,0.948638635253957,evaluationTimes 10: 10000.0, 10000.0
0.9194005665429603,0.9755363945620431,-2.283793851855312,0.007034718422034983,0.005976497662967488,-0.15070008811065083,0.008486566190142895,2.792729951233146,0.47426263287985915,1.8986336676439173,0.9610455518080714,1.7736458078067256,8.583188296319454E-4,0.9347794357401621,evaluationTimes 11: 1038.156716701193, 0.8188457439167439
1.009062481286095,1.0138828547565162,-2.7746242194194015,0.005303406711891822,0.005030830661546598,1.0136872696940822,0.002337201034013437,3.0802809518284846,1.104723729009071,1.5623100703972246,1.2969959752858637,1.2077107830479803,0.04598380400261965,0.9288534212616048,evaluationTimes 12: 838.6015440852877, 0.655794289726853
0.9737905552794004,1.0493049321539258,-0.8528025578005543,0.00289669854213537,0.0036237071685508364,-0.6133990902806694,0.005694922912395276,2.1630751006327005,0.5047035842575355,1.3469725306041171,0.7158496662136115,1.1803177082626672,0.06804326468661873,0.8890711827984503,evaluationTimes 13: 1087.8056265339203, NaN
1.1560972581301685,1.064048629653622,-1.0767449662557396,0.007021294106909028,0.0016906837678486667,1.293375877384527,0.008514195065208249,2.302172548391644,1.17610744420279,1.7690151207894569,1.143968941736671,1.644601907259899,0.0642359619124246,0.8400701008011897,evaluationTimes 14: 10000.0, 10000.0
1.2071520789338246,1.0547557019195946,-2.4079010540530796,0.009567037653123686,0.0024692517370433456,0.944752018305663,0.00926256677197711,1.312861369949009,0.8729253859040378,1.8332047587224514,0.9630116591411382,1.6231540606106465,0.048066942949870524,0.7722087687127088,evaluationTimes 15: 10000.0, 10000.0
1.2478111047455014,0.9838759345035543,-1.922823556935072,0.003978007853867694,4.888649950552772E-4,1.085842393790439,0.0077510172870044886,1.6651526055118906,0.29262283807579004,1.6240787870526254,0.4161831746108653,1.4678518198838963,0.07598677052991444,0.7505262188246633,evaluationTimes 16: 10000.0, 10000.0
0.9955282428314897,0.9960278855043213,-1.443163388571409,0.0017048300087647253,0.004348054352271512,-0.664056358815321,0.008298954554119217,2.0619169149825636,1.0993123282343673,1.665599638802418,0.42751927133981416,1.2350039363562209,0.008972758867473677,0.7963969246609429,evaluationTimes 17: 1060.735599080407, 1.2288788799726151
1.2655171603387563,1.0589956040783066,-2.663266949956104,0.0017836256542650625,0.0064589463913012285,2.7665779158246675,0.008655613715086594,1.160097097535568,0.21703885535454245,1.7786288508929207,0.20525477198010328,1.1600194485453328,0.03783427166399749,0.7464484807694263,evaluationTimes 18: 10000.0, 10000.0
1.2843675446176364,1.0550238455603957,-1.6908128007715013,0.006012340050202382,0.006455766933643899,1.3977858690608986,0.007985244818076121,1.2885827152665998,0.894980311021075,1.1341188178200448,0.8022352272219999,1.3854227226231104,0.07267022858916587,0.9492824161300198,evaluationTimes 19: 10000.0, 10000.0
0.9612110108900429,1.0853260444601918,-1.1309913932025788,0.005143497114607787,0.008816756504110006,-0.997870590267171,0.008825823790613887,2.4848967463662404,0.5377103021010347,1.18472641907087,0.27642256645581653,1.4727844274232935,0.05350502066479564,0.7181247323052622,evaluationTimes 20: 1083.579950422247, 1.011561391922464
1.1414029304819318,0.9729277001023964,-2.7046482482880183,0.003329456363398951,0.00997278809650123,2.2774847367290336,0.0021195247590591235,1.9575068718069524,0.7535419525266249,1.4484460864415978,0.2680694109395221,1.437155554590472,0.05838017135534755,0.8051603001581722,evaluationTimes 21: 10000.0, 10000.0
1.0335605246833104,1.0984344488933517,-1.229517798190479,0.0019995068579428724,0.00752239407973209,0.8749150932697063,0.007498160063575165,1.2350183586696375,0.237179523044929,1.9030166350211213,1.2867461694257922,1.006051276415372,0.007887772317430453,0.9541907298701835,evaluationTimes 22: 996.8473002361864, 1.6386784953276878
1.132441648224406,1.0296808370161727,-1.0364575048432993,9.339637888574879E-4,0.008685348434077306,1.1576895266298237,0.009398196832461094,1.2366624400894408,0.5672288267455403,1.797812114006137,0.5591897432915814,1.4017061869884522,0.0028060838048334113,0.8597144828837323,evaluationTimes 23: 10000.0, 10000.0
1.2959754637658625,1.0516020636612158,-1.309077069795528,0.009192182836132662,0.0022603073427120046,2.1664372021968,0.003516337530813092,1.9296290080595675,0.8492258018434952,1.2310500089046275,0.24824523961839695,1.9785560265147317,0.05998196891093835,0.8605764683959705,evaluationTimes 24: 10000.0, 10000.0
1.1031182159541544,1.0481631240845635,-0.8282675420123273,0.004369209137585746,0.006835045832094943,1.522037822039712,0.006527948461458886,3.0869125536468824,0.6170950651480231,1.6678013348560714,0.7386295286104599,1.912305107162177,0.07858413978677943,0.7861529181959575,evaluationTimes 25: 10000.0, 10000.0
1.0196196627456269,1.0084069559657223,-0.8006144809923508,1.1564476935156063E-4,0.0059699531902854515,1.1349035678762123,0.003221743383830011,1.7528817676240425,0.13863570860289523,1.7845159997828,0.2660512166487233,1.1350697222860542,0.020798357187422456,0.9238816857821895,evaluationTimes 26: 1064.9815086917529, 2.4233045561571265
1.1119609610982086,1.0319121671307963,-1.7574485206576727,0.00120801835308091,0.0017120917158810513,-0.9405122729375615,0.00494395176437728,3.24720030690993,0.24807298601809114,1.898317157230521,0.11755290785099214,1.2050936734254118,0.09657423791406589,0.8861434856807269,evaluationTimes 27: 10000.0, 10000.0
1.1534965967573176,1.0040801029872304,-1.0247697980240729,7.51727669233739E-4,0.009206046586294354,0.6522891163947211,0.009217345264194982,2.1638401899307107,0.6239214390541034,1.771426533101412,1.100112784828986,1.2338042218085694,0.0440237137303657,0.9604267402128112,evaluationTimes 28: 10000.0, 10000.0
1.2399017277280364,1.070517416221051,-1.7179263430128973,0.0028040113094794025,0.00840158762912681,0.3240762394974981,0.004942771256151675,3.1385374111851103,0.630502948104783,1.4837001926461963,0.646924619909602,1.1121475614851253,0.014058039553093423,0.8269434869915087,evaluationTimes 29: 10000.0, 10000.0
1.2592760988909202,1.0949807668068183,-2.557858664147644,0.005646767378122583,0.008452188038183841,1.2325983726043175,0.009727332668957317,1.1399918416424133,0.1573314722150227,1.025316352147934,0.6061263012435567,1.5482093448245835,0.0895261231115352,0.7532847852191429,evaluationTimes 30: 10000.0, 10000.0
1.1586997985743648,1.0712594649611633,-2.808164768173697,0.0025509586472462907,0.00962899360521991,1.5960505371834737,0.0036685964729308578,1.3355884038085521,0.6596055241950368,1.2745083590177149,0.7955182489252701,1.8022083930719692,0.0680924655511663,0.7545247129037485,evaluationTimes 31: 10000.0, 10000.0
1.0900506507176202,1.097243437636883,-1.1553017187907317,0.003876936800127676,0.009295363469532372,2.21048329034826,0.007233711892186585,3.182373212551794,0.721134077830491,1.2812497943268981,0.7062151841969562,1.0850374355073844,3.221027609444533E-4,0.8964599567498178,evaluationTimes 32: 576.4477568194939, 28.152593799217392
1.2589478754440755,0.9744927669540112,-2.817170354954576,0.009892591275406707,0.008972286307060229,0.20270608778145238,0.0017702609785328455,2.7228887139841964,0.5610953212763328,1.1807890212377783,0.20678799810736026,1.1236900410523087,0.0752054081706026,0.7384763238957718,evaluationTimes 33: 10000.0, 10000.0
1.1107835115092628,0.9684028013223851,-2.3964429264617952,0.004945421822135026,0.007669596217668049,-0.6732585630868471,0.007089215972281815,3.118089715129732,0.8162104911191684,1.564375796691305,1.1755587551755398,1.515526382477829,0.012368187740856877,0.7020109610646279,evaluationTimes 34: 10000.0, 10000.0
1.2140308030956888,0.9514355713410316,-1.9050040147975906,4.2526274635186327E-4,0.006712812317803895,-0.9726619327390154,1.6675373865973904E-4,2.0621085905377448,0.711943753823943,1.6249308249387893,0.8319539088199203,1.127149946553554,0.04820849725235905,0.703045010098294,evaluationTimes 35: 10000.0, 10000.0
0.9969391239156573,0.97142896899048,-1.097089924217896,0.009112573246263096,0.005458239992616779,1.5751748243461146,0.0016163212011683506,3.406239429949772,0.6292340267625808,1.4755101605599235,0.8838880565382634,1.1504472393362197,0.07956748912283278,0.9567410041172346,evaluationTimes 36: 1038.8826726727996, 1.0597271597996727
1.1636526357623298,1.0111580323779379,-2.1564296456898413,0.001972821724908706,0.003631629804414392,-0.08666280840360052,0.005461545289125042,2.2868357545506552,0.7373438780744119,1.9814624308388435,0.12965453992451126,1.3725781019307688,0.09615800271399529,0.875947100491733,evaluationTimes 37: 10000.0, 10000.0
0.9223630242219943,1.032139554216332,-2.621075526317796,0.0011485248070120394,0.005559926736543005,2.1975169637608696,0.0040867105765063985,2.1950015926585706,0.9860905038360809,1.3457670714642025,0.6414614312457156,1.8921339289980765,0.031657629361444485,0.8419710543333214,evaluationTimes 38: 937.2371499199675, 0.7351440383236585
1.0907213140502339,1.0454727530255268,-2.0974127117836,0.004638984138080445,0.0015405929228761916,0.422442387223275,0.004517783388265085,3.0764758291742846,1.0247639396896224,1.1634971704169708,0.33645259590369053,1.0813175425408146,0.004306732436488336,0.8822581286234372,evaluationTimes 39: 10000.0, 10000.0
1.290371569092109,1.0907619984060406,-1.2817773653797166,0.0064967690193706955,0.0013221472145170201,2.3349718769643726,6.675717622576753E-4,1.1079844278987325,0.14754517464641137,1.1835747755872248,0.16300752854080358,1.9272057301195227,0.004943338348581267,0.9970753574452984,evaluationTimes 40: 10000.0, 10000.0
1.265890149589533,0.9576549807787389,-2.335355801340928,0.008704046210168678,0.005562897722897905,-0.08822400667457853,0.009930305880835858,2.901735717368378,0.3139125265905724,1.4679401260915343,0.5844463999180338,1.5895450558648037,0.02673581280060338,0.7602761114897235,evaluationTimes 41: 10000.0, 10000.0
0.9348188651663841,1.0046088877603703,-2.5100542624681528,0.0038226449761211445,0.0024380135953945364,1.5991114309551193,0.004929858945695831,1.576019800460883,1.0648091226980703,1.386141042883273,1.0882571122814815,1.3412502901401626,0.09395663831428448,0.7264443341561551,evaluationTimes 42: 928.6498085223903, 0.7431442420677599
1.267216590820722,1.0919376741994582,-2.8151446727183718,6.718623927665622E-4,0.00886135917740551,-0.7719415728903316,0.004722531630923452,2.7934004927836606,0.897166596158029,1.9973466726447662,0.678548517511691,1.4147962611210179,0.05018346846093107,0.9565492506318587,evaluationTimes 43: 10000.0, 10000.0
1.0001014076647743,1.0845925995197694,-1.7055486789279208,0.0070269848743611096,0.00936681400780448,0.8742858274975784,0.005281631705528789,2.905618363120307,0.40816654687843323,1.3176099541158175,0.1816608176181435,1.7311677876756668,0.010794954582383798,0.9895963934693601,evaluationTimes 44: 1012.7679372379661, 1.447276472105472
0.9715770640148457,0.9694544656960177,-0.9419649853090752,0.008951721574843525,0.0019897297513897356,2.5811517712721876,0.0033121555704176027,1.4767619352343684,0.37015063056394826,1.8296583457537547,0.3684754797449018,1.4132064393401054,0.011880454444907929,0.9507960726673778,evaluationTimes 45: 1053.642066360975, 1.6950627575232904
1.18741318050633,0.9848679262602407,-1.963732320558906,0.006857525019229859,5.67376453491704E-4,0.6930607094324142,0.007215987395467055,2.877075580625794,0.8589151331894129,1.692510049133761,0.882948712853521,1.3287064122872303,0.08534169125919358,0.7293729670187654,evaluationTimes 46: 10000.0, 10000.0
0.9470405851340695,1.0228125548695841,-2.877092649962751,0.004923842115768892,0.002828273814592413,2.346450247984957,0.004416271395906649,1.0821237461581203,0.3013542864489335,1.7273459810173164,0.3335741674323109,1.164788029505409,0.008706540970242725,0.8599956589407757,evaluationTimes 47: 870.8932157500441, 0.5221722519581495
1.0829148113731062,1.0740031730316104,-2.4945285256525067,0.0019046547860037965,0.009246357785337384,2.3128775974622924,0.009446608415548981,1.4628918946782357,0.34090242652401664,1.566595455532112,0.21753641428597134,1.6322114429772594,0.029226909150127545,0.722225488571597,evaluationTimes 48: 417.86321262707037, 10.203553095403844
1.245294865086597,1.0447506852724948,-1.8104838256221176,0.0016452521629078919,0.0014045476526924673,0.5569874362320437,0.0024800258155841053,1.26386136180309,0.34874960368716934,1.1156111288611255,0.3433609904832371,1.765165954705801,0.07901350574250013,0.7613578738443221,evaluationTimes 49: 10000.0, 10000.0
0.9550901825975154,0.9996563372133466,-1.5084556479602886,0.006424598893217912,2.0672501727159133E-4,2.018184039913738,0.003688776242238532,1.7617245599888267,0.4815135464944158,1.4607531323743537,0.4512794804270409,1.0970197237985684,0.04235765646346026,0.8679539193946422,evaluationTimes 50: 718.1935670175105, 0.7153387690160259
1.1309399037348846,1.033682324592883,-2.7612166915624186,0.006075307309453317,0.008517569727477269,1.3596930655635049,0.007364499513828552,1.889602839710986,0.4823710575436563,1.7512737918261638,0.22282788047408894,1.5534362901695713,0.06657689614657791,0.9712013679040468,evaluationTimes 51: 10000.0, 10000.0
1.2070960671346116,0.9703184312718972,-2.015572507721875,0.004769098748496193,0.006188308742358154,1.5304307638131949,0.004693872618541747,1.1336918083854561,0.9483631595065646,1.87833909560226,0.3831820767010462,1.4306296976846389,0.04812283657343487,0.8277081976444136,evaluationTimes 52: 10000.0, 10000.0
1.2817148222149881,1.082028303576376,-1.9362163101586185,0.0085633593372589,0.0064010550213381935,1.4038341927456202,0.006410641982564814,2.225039003451911,0.885773340809523,1.5916540000165833,0.6427952274057251,1.3189081360787804,0.09774801796798105,0.8894320010743278,evaluationTimes 53: 10000.0, 10000.0
0.9175908346506841,1.0485110344371753,-1.6002143898899257,0.00895045161909858,0.006667736535006529,1.4322967726577644,0.0028838328879957314,3.393554161511278,0.30990481151191285,1.9755076903155886,0.1370434894283883,1.0781808923316027,0.0714808536511888,0.8240216030572817,evaluationTimes 54: 1031.9742695295145, 0.5693404577279558
0.9970245122015505,0.999862905764521,-2.0796159140554193,0.009023951168454263,0.0074316540432563475,2.1816782267824815,0.007707585303406163,2.317716180837974,1.0569219411234134,1.790046367887922,0.4487792819470289,1.815914573984874,0.07793490675590552,0.9919860224205789,evaluationTimes 55: 1020.1452015814278, 1.281048124956925
1.155929844717341,1.0967400869858714,-1.5815187930761052,0.005208883960100968,0.0038218433724206665,1.036517035236022,0.007570400963831977,2.4306846389297934,0.8314985830405478,1.0136543675160714,0.9382088409301611,1.2801954571298053,0.09936575306689249,0.7570622330944908,evaluationTimes 56: 10000.0, 10000.0
1.1385932848217106,0.9559135469420674,-1.1732329298519135,0.006361636233943754,0.007034805220870322,2.2254628395928435,0.005920136408146365,1.1896706656512026,0.6217159584690333,1.8127546421488632,0.45472138937057094,1.7292997598653974,0.06194382312930044,0.7477809178623217,evaluationTimes 57: 10000.0, 10000.0
1.2881463646295475,1.0680465142132103,-2.8235318822010984,0.005132283723069614,0.006265033845170963,-0.7199923247516296,9.392479194506586E-4,2.0218161637006644,0.9752069522879688,1.0121723535180782,0.6348769895399805,1.021324040233967,0.027149452851258166,0.7988239489967243,evaluationTimes 58: 10000.0, 10000.0
1.01184000742296,0.9852390933738877,-2.128033191225789,0.007304318767007206,0.0034080712703540316,0.4805587087469476,0.0067891134894967385,3.4360104077935043,0.9312429457408306,1.0960078092543866,0.3352885316309744,1.4856147429024076,0.07493846961566844,0.7291467488776571,evaluationTimes 59: 975.5202884237466, 1.9559779543456772
1.0370439162937448,1.0697425475432463,-1.3779232216786286,0.00854761529771472,0.008101186514054332,-0.20195127293013204,0.004436436268715334,2.949096499819235,0.4856229721398082,1.9426095632650968,0.8273794814581502,1.0282831754250934,0.02528597911150185,0.8995113333910829,evaluationTimes 60: 980.2087669364158, 2.6323955066907483
1.0670383083245754,1.0592662081864406,-2.79375790723759,0.006215505300132646,6.306900101060661E-4,1.177064483378409,0.009850694767276924,3.4239457101083763,0.33740001805884223,1.3166752102136148,0.2913214549980639,1.136513119318176,0.007635447666619096,0.7281686545202452,evaluationTimes 61: 475.5946905506619, 7.214196475780672
1.2096490125155046,1.0894079400994545,-2.438460605793275,0.0055685087599544195,0.009015974622529585,0.5978753894056119,0.004694375374310761,2.2188141189945068,0.9554574334052491,1.932481381157047,0.8447166016852976,1.0099505053835693,0.0067721847047575515,0.7900720473972875,evaluationTimes 62: 10000.0, 10000.0
1.2966050244825946,1.0959334873542819,-1.9139695418841638,0.0010002508877771641,0.008717327157305567,1.6654139596897695,0.006377086479537605,1.4545957003136836,0.3573030579143508,1.089871482492072,0.5207420024565181,1.108053276783368,0.024765169578008128,0.7338985036031764,evaluationTimes 63: 10000.0, 10000.0
1.0755173126878463,1.0199345233118693,-1.9759740659116038,0.0049217598421084285,0.001676730023916281,0.5833637985842275,2.5262716000662726E-4,2.088517691684399,0.9122856825070056,1.2193647467812012,0.64351728151666,1.7300447350434287,0.006848164516735819,0.9178748508332951,evaluationTimes 64: 541.5162049875855, 3.872139561908478
1.0937963782074553,1.0725602800015495,-2.976291932121321,0.0019292796203023625,0.00853862086604792,2.1780993559224164,0.005525767696689871,1.188850735157463,0.46788050355251554,1.3577003666975775,0.8201499287846733,1.8070536472161327,0.06232715263066293,0.8685030450013393,evaluationTimes 65: 10000.0, 10000.0
1.1244154529096502,1.0519912069137325,-0.9386280447202728,0.0015105110926739301,0.006457270412774754,-0.08137443947468181,0.0031057733632708457,2.5849399554205883,1.1796146483385899,1.8034037827398945,1.1742341707374246,1.7439650111514156,0.07641200561991983,0.7770134442263854,evaluationTimes 66: 10000.0, 10000.0
1.2320409048225023,1.0089533503347143,-1.8940391282674656,0.003673186664984716,0.0059588251805673875,0.7945153495818067,0.009721850702793354,2.2520809821557326,0.24776826985019929,1.8435835409124524,1.0490719966490007,1.8049623913214687,0.0018909616862605152,0.8210889328614465,evaluationTimes 67: 10000.0, 10000.0
1.2241172812564893,0.9584273365548016,-1.3227990623783266,6.920928317323127E-4,0.004680362567594241,0.7638062265053369,0.00867960488165639,1.9587123818879728,0.7567822559645704,1.6146619109471274,1.1408779833684402,1.3517398992386913,0.03794525211704396,0.8239602947516066,evaluationTimes 68: 10000.0, 10000.0
1.29097419043534,1.0655085498826873,-2.6396224616288575,0.0053823235195827575,0.009571234040854101,2.4733209636497584,0.008165340691610028,1.9646981104681196,0.8099943346759728,1.57363583787104,0.5150383836078435,1.8640944568431306,0.04705250773442358,0.7207435151114111,evaluationTimes 69: 10000.0, 10000.0
1.1360068027766237,0.9788441138187001,-1.783470840134866,0.0016353787352319854,0.009542599400283912,0.5979931123340751,0.0028243323122831023,3.174893779526812,0.4376310369152996,1.4433764045400381,0.8778577121458091,1.0830058520005974,0.09024643622781404,0.8696935779817904,evaluationTimes 70: 10000.0, 10000.0
1.1252691370236372,1.024753707803809,-2.449490151836136,0.00991013965708917,0.00692082325423019,1.6348334428146183,0.009333917208559845,1.5252580680169439,0.4885163624432981,1.7316803308616397,0.7573266598440552,1.2213477186623982,0.03247980770027828,0.8647706821368932,evaluationTimes 71: 10000.0, 10000.0
0.9822671716982029,1.0509701746186149,-2.782405766897007,0.008999546171723601,0.0048648376436172605,0.8914342947345819,0.0031371548172184943,2.710085176789681,0.4714583724418243,1.4347381417392147,1.210079107925415,1.8392390858173997,0.05250935787200982,0.7998174201885031,evaluationTimes 72: 879.5378504566465, 0.7959048959540209
1.0346400881236557,1.0511834122128663,-2.229571112053484,0.0018547249638959926,0.007352507857091601,0.47248082099023225,0.0062568094853568965,3.2771559162987494,0.37746269274632915,1.6386841884446979,0.7673805285730436,1.8697051426164535,0.0338377217478292,0.8618067342803144,evaluationTimes 73: 898.847557418372, 2.70858956919136
1.2033519337788128,0.9939721388436877,-1.9187643596603388,0.008830590198683761,0.0073398221250956875,-0.6689148465866177,0.006154142216953368,3.119111933423097,1.0525066988733982,1.9783894253149572,1.0913408220493939,1.7166263991608546,0.04341644187662435,0.9349219051134415,evaluationTimes 74: 10000.0, 10000.0
1.1180143422545321,1.0517581708985468,-1.3873091519800789,0.009741900530484434,0.009665451271560863,2.1098536355444653,0.008767630325434119,1.9100178410104283,1.1001445405059647,1.8613186260187395,0.7676600650841984,1.2395607891237175,0.09638802845589645,0.9772207802388506,evaluationTimes 75: 10000.0, 10000.0
1.1156482276640838,1.038545535186796,-2.7021683371104235,0.004775891426376739,0.0075845795748822565,2.8897231132016516,0.0019331682732729707,2.463989010712149,0.7663032440012252,1.6645317808190099,1.0518831402687776,1.9050608349708154,0.07497421058510814,0.998618571721017,evaluationTimes 76: 10000.0, 10000.0
1.2064302398441584,1.0359864389770195,-1.0318964524874144,0.007021457498324571,0.00889806733139212,0.857368799841022,0.00588765861807432,2.837353749212995,0.6692146641157206,1.1296441431615225,0.11815573382129783,1.3637495948066107,0.08951184897784734,0.9225245782527264,evaluationTimes 77: 10000.0, 10000.0
1.0464224581477428,1.0808183510877007,-0.8187081636438363,3.51903786333913E-4,0.005620642833925776,0.39133795691487006,0.002496126240088563,2.5399649412143863,0.16703918564215378,1.6868503036863318,0.8327971090804458,1.3741061591762542,0.058257917244821426,0.7722848089462521,evaluationTimes 78: 1019.6025556221905, 1.5809417530049297
1.0444367370888825,1.0012288607163555,-2.401459964314193,0.008789568024958793,0.009589067404882079,-0.9020955351443067,0.0046022068045251455,1.1448020332533266,0.28418001905390666,1.6585917426942667,0.5561608292476008,1.7133946438976124,0.03153555187030644,0.9860462731650805,evaluationTimes 79: 721.8220221411124, 1.7330789541022245
1.1942547910850767,1.0294702084610314,-2.2559454101453618,4.64857195127642E-4,0.007485057653186471,1.9283029073914202,0.006796562956092322,1.078988033685119,0.4173151699783042,1.3890950476132857,1.0843056165970637,1.4628675199903238,0.06754775888659995,0.7758876792203152,evaluationTimes 80: 10000.0, 10000.0
1.1956736353575792,1.058050380984016,-1.9187461492226734,0.004425505501746238,0.002271282248539292,0.4621031681148313,0.0015499019052730113,2.494677769337249,0.9390889883052776,1.006837328782979,0.6794818191397421,1.632655382624369,0.007015629146605788,0.8697594125240247,evaluationTimes 81: 10000.0, 10000.0
0.9882614442189829,1.0528266270285673,-1.1214086588652827,0.0075345239207469505,0.006545950132122788,0.6428454803208563,0.008063263191995624,3.2778312573882804,0.2988661731419767,1.8420907865210883,1.0914269447805063,1.8048065139156726,0.014572785690771308,0.9247155687607314,evaluationTimes 82: 1075.5329012491416, 1.411717260326225
1.2976800436282234,1.0370855671145067,-1.2174298307509028,0.008979617191420262,0.0022194242096600474,0.48853548116344836,0.003009570785180729,1.5355531639433408,0.8314940025779791,1.4238211091530715,0.41408376900873345,1.5242567908727696,0.044423907125064714,0.7705158327446364,evaluationTimes 83: 10000.0, 10000.0
1.1025998518568911,0.99803338709233,-2.8094774945272816,0.008431365061767414,0.007805161455926527,-0.2507268784330643,0.003371198871543668,1.7104398369347675,0.4634897428920045,1.5407802303476283,0.9341729822327353,1.9368244703539172,0.045953401118983626,0.7258600715219666,evaluationTimes 84: 10000.0, 10000.0
1.2222802783429496,1.040343210304286,-2.8409177027172032,0.003485582843401494,0.0046850794181972555,0.4241860857873876,0.0046967834713870235,3.31737089064114,0.9760816132241119,1.174240370085248,0.13720160690125596,1.5097409954787782,0.07167737101276488,0.911973903779688,evaluationTimes 85: 10000.0, 10000.0
1.1043557550652716,1.055665731785183,-2.051747639240111,0.00745434864170721,0.007828379685147506,2.924736962550101,0.0025758733752395437,3.492175269863457,0.36788670441455695,1.9562903732624062,0.7941209997533465,1.706791937723717,0.020537375970367595,0.7582057863798454,evaluationTimes 86: 10000.0, 10000.0
1.2111464865734738,0.9922203190315609,-2.751838441550214,0.003262206054743534,0.007694509130477113,1.4596459872416654,0.0036888129796466863,2.792769059125699,0.874669143593163,1.8566596920076939,0.7606781765458877,1.9009802012799817,0.07604570300255203,0.924126177380666,evaluationTimes 87: 10000.0, 10000.0
0.9008475171342334,0.9957557950514134,-1.236924215009667,0.003941650591061742,0.0085024606548874,0.821094811557951,0.008509727047501105,2.4661343020745603,0.45830422660632497,1.7246170095237803,0.7729082695312476,1.8897855467788611,0.04044147481889847,0.7128630818034553,evaluationTimes 88: 1053.1804482775046, 0.5954495119852099
1.2994227133738683,1.0131068909075909,-1.7136316860538574,0.009867122947431372,0.008850799900632028,1.4611984178691388,0.007917696234156625,1.9819742828455942,1.1244338609552094,1.6259764997392805,0.6293682472015862,1.5752485057953707,0.009400503568295457,0.8579286506978039,evaluationTimes 89: 10000.0, 10000.0
0.9537771117251975,1.0559970751979635,-0.9105294198230789,0.005683164991369345,0.0075133586439324555,-0.3031308244762245,0.0040206298010541566,3.3688918646799344,0.9217242360843916,1.1141558746847389,0.508160918190553,1.0154954908016218,0.06887561494786774,0.8420524692871946,evaluationTimes 90: 1089.7362949251315, NaN
1.1201875686885832,1.0699434285143585,-1.386205855543501,0.008990449715609711,0.006987674537590467,-0.5446244999110048,0.001032682191061895,1.2946055113432422,1.085533913320102,1.6721568397972664,0.17628917860649207,1.559573933816681,0.029801806783179847,0.7204043520319939,evaluationTimes 91: 10000.0, 10000.0
1.2862128686962944,1.0178310170050209,-2.486978389098608,0.009843810863226466,0.0026197848349286718,0.752555879758547,0.009736467586938757,2.3612497395170737,0.6288502203176896,1.4660035948954253,0.8786014361230495,1.381230042624443,0.057227143937087964,0.7786519587449554,evaluationTimes 92: 10000.0, 10000.0
1.0722360535268503,1.0919396065301814,-1.6327729921985539,0.0011685591733315503,0.008447143725855217,2.0692251977368645,9.40411426729882E-4,2.875033855614578,0.4880693956411001,1.7085315590632677,1.229352697672406,1.571978441656845,0.08623744479410969,0.9140383479053091,evaluationTimes 93: 391.403852438121, 1.9939723328420726
1.2025985393899288,1.0247743013554778,-0.838611083409663,0.002791202038339132,0.004449865543986369,2.764390911688497,0.0032261086297382885,2.080047957102968,0.3984927885550904,1.472350660846974,1.1070739386854513,1.0941142437010771,0.052200495903570045,0.7295174716785359,evaluationTimes 94: 10000.0, 10000.0
1.0538924601975832,1.052087436254183,-1.2784534839366566,2.4641557294861714E-4,0.0065496067179055826,2.898950058427494,5.649326885367058E-4,2.2147166850254987,0.10562037438521568,1.532108901236374,0.8950493602833336,1.7254037965178937,0.030808116836419944,0.7384134953646384,evaluationTimes 95: 479.0762680718554, 0.5267932096664587
1.2343859786541302,1.0031705807247344,-1.3722032666600368,0.008328148004704753,0.008769713373728184,-0.5332123198797989,0.004328338770050869,2.6599435644643106,0.43937742075423647,1.276455143380883,1.2860467984952388,1.9565607754000305,0.01105596368360807,0.7420912602127381,evaluationTimes 96: 10000.0, 10000.0
0.9234867727439129,1.0803383622777598,-2.1803179423952637,0.0076831018576624605,0.003578187586655384,0.610763389867393,0.00482407834534458,2.1825713561919162,0.431484913920717,1.080621416904429,1.1466024978960645,1.9317595724811578,0.06769052670634941,0.9104329048423924,evaluationTimes 97: 977.0035911657386, 0.6874375209572048
1.0714352006797738,1.0744403515899004,-2.9647174377132304,0.005487104530725133,0.005758074658853605,2.9401548210000357,0.008450641989678093,2.449535448788088,0.9938088937931008,1.3719195504891262,0.37075084789737844,1.4114130423013944,0.0010172809444642151,0.9439239452075654,evaluationTimes 98: 618.4992250062364, 6.312061364313003
1.0247990481338851,1.030244700903276,-0.955090833020416,0.00906611971265468,0.004347499416176786,0.6709824115743022,0.0010716116163796386,3.361890354079725,0.2449886152949296,1.6399532508098107,1.2048169201778454,1.1090153573815453,0.00560235430356443,0.7340771110337618,evaluationTimes 99: 979.9408478981499, 1.4605770067614134
0.9835026842882211,0.99981015025619,-2.0796159140554193,0.0017429936727879516,0.0074316540432563475,-0.704979340826164,0.007707585303406163,2.317716180837974,1.1001335815072195,1.790046367887922,0.4487792819470289,1.258480140603179,0.008807474473099292,0.9957182361532376,evaluationTimes 100: 1031.501145541368, 1.2384474349174852
0.9970515811470193,0.9960806410126521,-1.443163388571409,0.00898353460754586,0.004348054352271512,2.2259605473259847,0.008298954554119217,2.0619169149825636,1.05610068785056,1.665599638802418,0.42751927133981416,1.7924357656971028,0.07813257039569826,0.7948170211701855,evaluationTimes 101: 1051.0399466043577, 1.1844943661180414
1.0185201761609866,1.0077408707682876,-2.4079010540530796,0.009539611393469264,0.0024692517370433456,0.944752018305663,0.00926256677197711,1.6244703133036063,0.8782184860998008,1.7853430794896223,0.9894018536671599,1.6231540606106465,0.048066942949870524,0.9239943936380541,evaluationTimes 102: 922.6184881809187, 1.6231316492797394
1.2082515045982853,1.055421787071889,-0.8006144809923508,2.9094934004468293E-4,0.0059699531902854515,1.1349035678762123,0.003221743383830011,1.3133460141978954,0.13663680393277972,1.832377679015629,0.2660512166487233,1.1350697222860542,0.020798357187422456,0.7720960799235519,evaluationTimes 103: 10000.0, 10000.0
0.9737905552794004,1.0491919483627472,-0.91714926734479,0.004375343313421103,0.006888894321763264,-0.6133990902806694,0.006536288446169545,2.1630751006327005,0.6163635269430803,1.67219703230299,0.7328667400364061,1.1803177082626672,0.07850337679180186,0.8889274377593219,evaluationTimes 104: 1089.4780053722222, NaN
1.1031182159541544,1.0482761078757423,-0.8282675420123273,0.00289056436630039,0.003569858676574395,1.522037822039712,0.005686582927684617,3.0869125536468824,0.5054351224624785,1.3425768330925996,0.7386991935929936,1.912305107162177,0.06155217216219448,0.7862966634529233,evaluationTimes 105: 10000.0, 10000.0
1.2523907520354163,0.9744927669540112,-2.817170354954576,0.00954801143842971,0.009230109247634156,-0.38327127267661204,0.0017702609785328455,2.7228887139841964,0.11597776531066151,1.301255548974721,0.20678799810736026,1.1236900410523087,0.0774504056559677,0.7146200835629805,evaluationTimes 106: 10000.0, 10000.0
1.0836843611301061,1.0535817561935985,-2.9402903759164225,0.0012279962658772595,0.00897023300103577,0.2010320051822898,0.00890723179844152,2.87268118813537,0.5553246452153586,1.1822787734242264,0.21092662783943944,1.3972410423922086,0.014440223387517527,0.7373883473787507,evaluationTimes 107: 600.2182056041229, 12.983096878969294
1.045539974787781,1.0130252405551743,-0.8178142439471455,0.004844378576264057,0.0015463107318494022,0.583538913539157,0.0029659889834313617,2.082794559236326,0.16703918564215378,1.6868503036863318,0.869000499933249,1.3741061591762542,0.009741470639359782,0.7722848089462521,evaluationTimes 108: 904.4433329790626, 1.6113450784736165
1.0763997960478084,1.0877034601632716,-1.9990070778608633,4.428348488007801E-4,0.005751086957152251,0.39116284195994055,2.5262716000662726E-4,2.545688073662425,0.9048124322069588,1.2193647467812012,0.6073138906633258,1.7300447350434287,0.05538182766816676,0.9208891195235913,evaluationTimes 109: 508.1529587613379, 4.53637201679725
0.9612110108900429,1.0036536427238136,-1.1131489845996612,0.005397557731162622,0.006024917694236312,-0.997870590267171,0.008825823790613887,2.4848967463662404,0.5377103021010347,1.18472641907087,0.27642256645581653,1.4727844274232935,8.711217932900091E-4,0.8254108645409985,evaluationTimes 110: 1084.1531475185166, 0.9713483805959928
1.2320409048225023,1.09051601745406,-1.8940391282674656,0.0034191260484334974,0.00875066125181026,0.7945153495818067,0.009721850702793354,2.2520809821557326,0.24776826985019929,1.8435835409124524,1.0490719966490007,1.8049623913214687,0.05593853355906919,0.713889239242486,evaluationTimes 111: 10000.0, 10000.0
1.2994227133738683,1.0131068909075909,-2.3790046453355362,0.009867122947431372,0.009585950087403086,1.4611984178691388,0.007798740005874778,1.9971072186949588,1.1122198388957951,1.6259764997392805,0.6293682472015862,1.5794039902650394,0.031907782636560404,0.8605169965852164,evaluationTimes 112: 10000.0, 10000.0
1.0444367370888825,1.0012288607163555,-1.7360870040492062,0.008789568024958793,0.008853917145802949,-0.9020955351443067,0.0047211629261159896,1.1299631027475243,0.2955108103437538,1.6585917426942667,0.5561608292476008,1.709239159427935,0.009028322261723088,0.9833750309932656,evaluationTimes 113: 843.6235278926666, 2.372150797992149
1.1947005864684517,1.0377396145391133,-2.8013569107508527,0.009592823994250646,8.96998617064925E-4,1.1540767604945608,0.0016342121893451365,1.3019204956893211,0.11835376862774122,1.7776499620444437,0.40811016399717115,1.2380723462072412,0.031552076566081076,0.9582736782417627,evaluationTimes 114: 10000.0, 10000.0
0.9480032735084477,0.9712946578290571,-2.2104307494703996,0.004939575872231927,0.004396013304642232,-0.27343366111606904,0.0019511150875644024,2.030003034853402,1.0269721972405905,1.6581220186614376,0.9552495077561023,1.5448917279092556,0.05719304955071278,0.9164765360843447,evaluationTimes 115: 919.6053962362225, 0.8069451457063616
0.9970245122015505,0.999862905764521,-2.4809360649149585,0.009023951168454263,0.0075015156300406085,2.129216451546946,0.007756776228219251,2.317716180837974,1.0120059613025707,1.7871847289710985,0.4487792819470289,1.799931764440236,0.07793490675590552,0.7301526829254021,evaluationTimes 116: 1011.0810110122028, 1.115665669102151
1.0829148113731062,1.0740031730316104,-1.9509530458195696,0.0019046547860037965,0.009176494552822885,2.3128775974622924,0.009397407797417674,1.4628918946782357,0.34090242652401664,1.5694570942963901,0.21753641428597134,1.6088217281304211,0.029226909150127545,0.9826635659959724,evaluationTimes 117: 449.1539859304745, 11.800079688992836
1.267216590820722,1.0919376741994582,-2.8151446727183718,7.520466678830372E-4,0.00886135917740551,-0.7719415728903316,0.004722531630923452,2.7594402175319037,0.897166596158029,1.9973466726447662,0.36133644432444223,1.4147962611210179,0.051161609158922754,0.9565492506318587,evaluationTimes 118: 10000.0, 10000.0
0.9470405851340695,1.0228125548695841,-2.877092649962751,0.004845080057805604,0.002828273814592413,2.346450247984957,0.004532003572018988,1.122354259510383,0.3013542864489335,1.7273459810173164,0.6507862457014641,1.164788029505409,0.007736730567983751,0.8599956589407757,evaluationTimes 119: 873.915664293293, 0.5476265690608917
1.0670383083245754,1.0592662081864406,-2.84909940728023,0.006215505300132646,6.306900101060661E-4,0.5984467319139755,0.009850694767276924,3.2751810980734573,0.3775787507982531,1.3281284693935695,0.2913214549980639,1.136513119318176,0.007635447666619096,0.7281686545202452,evaluationTimes 120: 481.6628107976085, 7.448188795334036
1.0346400881236557,1.0511834122128663,-2.229571112053484,0.0018547249638959926,0.007352507857091601,1.1797734945480471,0.0062568094853568965,3.4259204728227752,0.3372839600069183,1.6272309293633693,0.7673805285730436,1.8697051426164535,0.0338377217478292,0.8618067342803144,evaluationTimes 121: 901.829664555611, 2.8633844847251146
1.1606978473188088,0.9744927669540112,-2.817170354954576,0.005186713917020006,0.003784267485411485,0.3906391806472995,0.007977705884600388,2.735091372470664,0.5464181723654533,1.1807890212377783,0.21590315560596446,1.125415327771987,0.07529911828508484,0.7384763238957718,evaluationTimes 122: 10000.0, 10000.0
1.2541797492963471,1.0967400869858714,-1.5815187930761052,0.009870925535721834,0.009009286838752958,1.036517035236022,0.0015654619000291495,2.418481980443321,0.8461757319216036,1.0136543675160714,0.929279166226358,1.2784701710281505,0.09908687819975444,0.7570622330944908,evaluationTimes 123: 10000.0, 10000.0
1.2875048284027402,1.0080291081883939,-1.2651163005438637,0.0016805033690563329,0.002185447746884313,1.5807046473915383,0.009948325721239555,2.4450423442656897,0.49227261382256227,1.2601741026971567,0.44730898876250547,1.3673510452273712,0.039474680984810336,0.9790873038693894,evaluationTimes 124: 10000.0, 10000.0
1.2225576522203188,0.9740615852200243,-1.2534653378102871,0.0034646753967401598,0.00951586679487399,-0.9208232291884111,5.459015595511907E-4,1.4810925004148492,0.27503348600848787,1.0873282881925495,1.0270590927239973,1.3828867436540648,0.04484483478996323,0.9398688769316936,evaluationTimes 125: 10000.0, 10000.0
1.0900506507176202,1.097243437636883,-1.1543394602202994,0.003876936800127676,0.006562712628351962,2.21048329034826,0.007233711892186585,3.182373212551794,0.12530485419706588,1.2812497943268981,0.808023424718999,1.7205844755520618,0.0010209159853538253,0.8964599567498178,evaluationTimes 126: 575.8478364002549, 28.011175523327225
1.0538924601975832,1.052087436254183,-1.3414058540006528,2.4641557294861714E-4,0.009282201343392346,2.898950058427494,5.649326885367058E-4,2.2147166850254987,0.7100164191721494,1.532108901236374,0.8973436804896491,1.0047421110978703,0.030575981493190265,0.755581626544643,evaluationTimes 127: 527.1452156780244, 0.5619614189352922
0.9629559454290862,1.0853260444601918,-0.8360788376043224,0.005143497114607787,0.0056644747860458405,-0.997870590267171,0.008371919173553762,2.4848967463662404,0.5377103021010347,1.228779455858707,0.13064468639808394,1.4727844274232935,0.05799387914433246,0.7187871203256059,evaluationTimes 128: 1089.366246631536, NaN
1.044677524435434,1.0687077497766033,-1.1143626412471064,3.51903786333913E-4,0.009035995377586925,0.33691464790802517,0.002496126240088563,2.5399649412143863,0.16703918564215378,1.64279820427846,0.8327971090804458,1.3741061591762542,0.05376905876528461,0.7722960268850362,evaluationTimes 129: 945.8806666528797, 1.5036326821185668
0.9194005665429603,0.9740083934351401,-2.283793851855312,0.007106913715554205,0.006083881420646264,-0.15070008811065083,0.008472830228946118,2.9675426398434475,0.7142122354206406,1.8986336676439173,0.9610455518080714,1.7755908823554312,3.23126399190974E-4,0.9347794357401621,evaluationTimes 130: 1045.2563878049682, 0.8497824243221382
1.0900506507176202,1.0972535404521655,-1.1553017187907317,0.0038047414999340546,0.009187811095059796,2.21048329034826,0.007247447853327663,2.7919200844534697,0.4811844752904205,1.2812497943268981,0.7062151841969562,1.0385859097602315,8.57295726365065E-4,0.8964599567498178,evaluationTimes 131: 579.7088390011317, 29.581943932322176
1.295102508025562,1.0128701254278676,-1.236924215009667,0.003949881487800237,0.0085024606548874,1.4313405203793204,0.008509727047501105,2.282875993627007,1.115756339034948,1.7246170095237803,0.6351527645497514,1.8897855467788611,0.04228303778958226,0.7128630818034553,evaluationTimes 132: 10000.0, 10000.0
0.904931823993022,0.9959925605311369,-1.7136316860538574,0.009806774537866983,0.008850799900632028,0.8509527090477648,0.007917696234156625,1.9896714690609107,0.46659324843935857,1.6259764997392805,0.7671237521830825,1.5752485057953707,0.007562203450360232,0.8579286506978039,evaluationTimes 133: 1050.5478417314423, 0.7011418943421583
1.2631872829239228,0.9976315266158549,-2.4095201623964124,0.001936391685810939,0.006154726733085581,2.7665779158246675,0.004595876295399504,1.1447535113903224,0.21703885535454245,1.7786288508929207,0.20525477198010328,1.1612819415816253,0.03783427166399749,0.7464484807694263,evaluationTimes 134: 10000.0, 10000.0
1.046722569103837,1.0625929302953763,-2.6552067518684286,0.008789568024958793,0.0098544390213933,-0.9020955351443067,0.00878926833927741,1.1601456193985722,0.28418001905390666,1.6585917426942667,0.5561608292476008,1.7121378559615879,0.03153555187030644,0.9860462731650805,evaluationTimes 135: 773.5680313638765, 2.611865092623155
1.0756738022423558,1.0199345233118693,-1.9759740659116038,0.0049217598421084285,0.006311784719247574,0.5845024602097645,2.5262716000662726E-4,2.0616665625411614,0.29709731887604895,1.85285047153927,0.64351728151666,1.7300447350434287,0.006848164516735819,0.9247360266856383,evaluationTimes 136: 526.2489557011863, 3.896982868793277
0.9881049546959113,1.0532092456665771,-1.1214086588652827,0.0075345239207469505,0.0019109187015920476,0.6417068186953193,0.008063263191995624,3.3043149258244133,0.9140581172730964,1.2085751492249328,1.0914269447805063,1.8048065139156726,0.014572785690771308,0.9178543929083883,evaluationTimes 137: 1071.4641083229137, 1.4088322882447768
1.155929844717341,0.9730830455106987,-1.2066188761146546,0.005208883960100968,0.009437169824513697,1.036517035236022,0.007570400963831977,1.4287377769278193,0.8425709135491428,1.0146188798533322,1.0258174245699574,1.2912027677722473,0.09936575306689249,0.9419654762720187,evaluationTimes 138: 10000.0, 10000.0
1.2841967465241375,1.0965794781532046,-1.6283652552186512,0.0016885771991017092,0.0038933739226260397,-0.9206843617025351,7.365326599662707E-4,2.4735047461365562,0.35377291467937017,1.0863710106662883,0.9394505090842009,1.367697312137273,0.04475573446432797,0.754966285279372,evaluationTimes 139: 10000.0, 10000.0
0.9715770640148457,0.9679042562963035,-0.9419649853090752,0.008951721574843525,0.0019897297513897356,1.6420579698409035,0.009158155298229415,1.4767619352343684,0.37015063056394826,1.8299361757978332,0.46266855069232243,1.4132064393401054,0.011880454444907929,0.9554883029883313,evaluationTimes 140: 1083.9093742732723, 0.7714901438190024
1.1252691370236372,1.0263046039161015,-2.449490151836136,0.00991013965708917,0.00692082325423019,2.573926672240868,0.00348425859810575,1.5252580680169439,0.4885163624432981,1.731402500817491,0.7551055307058812,1.2213477186623982,0.03247980770027828,0.8689631354931406,evaluationTimes 141: 10000.0, 10000.0
1.2331849965027575,1.0089533503347143,-1.8940391282674656,0.0062338499142969095,0.0059588251805673875,2.2642119220388564,0.009721850702793354,2.2520809821557326,0.24776826985019929,1.813551839473601,1.0490719966490007,1.8049623913214687,0.062127924899326864,0.8200317691704289,evaluationTimes 142: 10000.0, 10000.0
1.1038201249188409,0.9559135469420674,-1.1732329298519135,0.0038009729846385796,0.007034805220870322,0.7557655799013944,0.005920136408146365,1.1896706656512026,0.6217159584690333,1.8427863435877143,0.3425799553345912,1.7292997598653974,0.002136562208918686,0.7488380833228411,evaluationTimes 143: 10000.0, 10000.0
1.0081657335040735,1.0138828547565162,-2.810586044559734,0.0052951776376583245,0.005030830661546598,1.3483111941433163,0.0027855412892629273,3.0802809518284846,1.0887673056002773,1.451328038007411,0.7823862673626503,1.9565957532800218,0.04598380400261965,0.9172655904060566,evaluationTimes 144: 845.7260696675273, 0.8114783041432418
0.9033625588557211,0.9957557950514134,-1.1996963519602646,0.00394987966529524,0.0085024606548874,0.821094811557951,0.008061249336301405,2.4661343020745603,0.4741061669317161,1.7246170095237803,1.279152047855936,1.135645103722469,0.04044147481889847,0.7099942685155829,evaluationTimes 145: 1063.6552920760819, 0.641599190512983
1.0370439162937448,1.0697425475432463,-1.3779232216786286,0.008657003507709059,0.008101186514054332,-0.20195127293013204,0.004436436268715334,2.9446697047693267,0.49439618989516887,1.9486029694974127,0.8273794814581502,1.0197508501420245,0.03886577963077363,0.9289119262070183,evaluationTimes 146: 980.8390380016523, 2.6354528701139506
1.0207600991872372,1.0536157717638135,-1.0457243554393634,4.549050103495175E-4,0.008338573253772446,2.3122636080737062,7.293007642616579E-4,2.654495106252125,0.29137936501064554,1.7722777474264477,0.35839058016772507,1.3168695892741873,0.025283526752755258,0.8990903239650411,evaluationTimes 147: 829.4630176877498, 1.3030778163269185
1.296063592794312,1.0984344488933517,-1.308834232367711,0.0019995068579428724,0.00752239407973209,0.7485659865783202,0.007498160063575165,1.2350183586696375,0.25740536505501965,1.9030166350211213,0.3819517154332972,1.0236828666320754,0.06062516398655854,0.9541907298701835,evaluationTimes 148: 10000.0, 10000.0
1.0283892816406746,1.0516020636612158,-1.2297606356182964,0.009192182836132662,0.0022603073427120046,2.292784887559196,0.003516337530813092,1.9296290080595675,0.8290237744653686,1.2310500089046275,1.1435786177034721,1.967990566713048,0.007269192938339535,0.8605764683959705,evaluationTimes 149: 932.153142581508, 0.9454589780368365
1.1058091032021666,1.0880769080488477,-2.740029535858782,0.008431365061767414,0.007805161455926527,-0.2638074013464653,0.0031973670687870694,1.7477500666851862,0.5392648872173165,1.2077292917792848,0.9387678699410538,1.4844895149992552,0.045953401118983626,0.7258600715219666,evaluationTimes 150: 10000.0, 10000.0
0.9580020880172198,0.9952209578822624,-1.1996369132070503,0.005143497114607787,0.008816756504110006,-0.9713095908444304,0.008998372099708891,2.4475865172324793,0.5026613425608356,1.5177774124903238,0.2718437503025602,1.9249725871924475,0.05350502066479564,0.7181247323052622,evaluationTimes 151: 1084.6956389942056, 0.7011491599484585
0.9480032735084477,0.9712946578290571,-2.2178314895952007,0.004939575872231927,6.660532890241425E-4,1.0599911319413207,0.0019568622323647973,2.030003034853402,0.12298144493685262,1.7769843274590165,0.9552495077561023,1.0719798957059026,0.019645291350244343,0.8215015852192649,evaluationTimes 152: 759.9153377053264, 0.7775171951784978
0.9175908346506841,1.0485110344371753,-1.5928136497615293,0.00895045161909858,0.006830452949633843,1.4926406409727044,0.0028838328879957314,3.393554161511278,0.30990481151191285,1.9775946242200058,0.12333143787454319,1.5512444631751383,0.07580089679043023,0.9189965535498538,evaluationTimes 153: 1032.880045731931, 0.5686229853056816
1.0670383083245754,1.0592662081864406,-2.842099370238894,0.006425198125165298,6.306900101060661E-4,1.177064483378409,0.0034849824205182424,3.4239457101083763,0.33740001805884223,1.3107368794927772,0.2913214549980639,1.0966860386142496,0.007083670534222788,0.7281686545202452,evaluationTimes 154: 353.4964592594078, 4.418031699672063
0.9409481010047888,0.9996563372133466,-1.4587308844838227,0.006214906068185259,2.0672501727159133E-4,2.018184039913738,0.009908245359478773,1.7617245599888267,0.4815135464944158,1.46669146309522,0.4512794804270409,1.0615449810152433,0.04291347152051195,0.8679539193946422,evaluationTimes 155: 799.0742705767955, 0.7148574000049697
1.0091236095958462,1.0845925995197694,-1.7055486789279208,0.0070269848743611096,0.00936681400780448,0.8571703172259919,0.005281631705528789,3.088141545812829,0.40816654687843323,1.3176099541158175,0.17612165219509168,1.7311677876756668,0.010794954582383798,0.9895963934693601,evaluationTimes 156: 1001.0135871758629, 1.7992092386330587
1.0000402793550232,1.0138828547565162,-2.7746242194194015,0.005303406711891822,0.005030830661546598,1.010905189401125,0.002337201034013437,2.9055144022398487,1.1249638528944745,1.5623100703972246,1.2825581585516286,1.2077107830479803,0.04598380400261965,0.9288534212616048,evaluationTimes 157: 855.4358449088639, 0.6124934493546456
0.9354838619432891,1.0819738911931396,-2.2157254910572903,0.0038421686099030725,0.003578187586655384,0.6024047653552921,0.00482407834534458,2.1825713561919162,0.4279403581126763,1.4351960246250155,1.1466024978960645,1.3179652525318237,0.06769052670634941,0.9104329048423924,evaluationTimes 158: 982.1933511985424, 0.7136708827935385
0.9228217759670169,1.0029688577491291,-2.5100542624681528,0.007663578028104429,0.0024380135953945364,1.607470055457781,0.004929858945695831,1.5138545278931648,1.186066897438176,1.0327330851970886,1.0882571122814815,1.953098967481333,0.09830210815704063,0.7264443341561551,evaluationTimes 159: 909.3947937832977, 0.7660219991599204
1.2057756288800014,1.03761424773044,-2.7520961791274186,0.00925468222915517,0.004347269752668561,-0.23969235491890917,0.008405578717589623,2.0928254500215586,1.0985775501169652,1.6565365638852834,0.40811016399717115,1.2380723462072412,0.05676587593082733,0.9582736782417627,evaluationTimes 160: 10000.0, 10000.0
0.9844535906781411,0.9961532523180106,-1.443163388571409,0.0014583625942860678,0.004475237382185555,-0.664056358815321,0.0015220947888024043,1.2710186083875452,1.0091849439026226,1.665599638802418,0.42751927133981416,1.2350039363562209,0.008972758867473677,0.7963969246609429,evaluationTimes 161: 919.9579616191032, 1.2217955536216105
0.9918077303867727,1.0519912069137325,-0.9386280447202728,0.001510575290712431,0.006390625829027287,-0.08137443947468181,0.008179539942385239,2.5849399554205883,1.1796146483385899,1.8107251974029157,1.1229418419237331,1.7439650111514156,0.07641200561991983,0.7756985163828697,evaluationTimes 162: 1089.0903014880287, 1.5236790490538212
1.1281359693543653,0.9960278855043213,-1.443163388571409,0.0017047658107262242,0.004414698936017348,-0.664056358815321,0.0032251639128146065,2.0619169149825636,1.0993123282343673,1.6582782241302567,0.42751927133981416,1.2350039363562209,0.008972758867473677,0.7977118525044585,evaluationTimes 163: 10000.0, 10000.0
1.2657003844835335,1.0919316530593635,-2.6396224616288575,0.0053823235195827575,0.009491038496249634,-0.959281460623,0.008165340691610028,1.9646981104681196,0.9000685677395384,1.7372099073669114,0.5231829434370525,1.8640944568431306,0.050126631418723776,0.7207435151114111,evaluationTimes 164: 10000.0, 10000.0
1.2924897703445624,1.0655143686853836,-2.8151446727183718,6.718623927665622E-4,0.008941554695108477,2.773134947757256,0.004722531630923452,2.7934004927836606,0.8070923630944635,1.9973466726447662,0.6704039576824825,1.4569127137331521,0.047109344776630875,0.9565492506318587,evaluationTimes 165: 10000.0, 10000.0
1.0346400881236557,1.0511834122128663,-2.229571112053484,0.00189937259970912,0.007352507857091601,0.47248082099023225,0.004761500935185927,2.371565965368691,0.37746269274632915,1.6386841884446979,0.7673805285730436,1.014806234612114,0.0338377217478292,0.8618067342803144,evaluationTimes 166: 851.7601543734976, 1.9832291780604299
1.0370439162937448,1.0697425475432463,-1.3779232216786286,0.008502766170804274,0.008101186514054332,-0.20195127293013204,0.0059317448188862315,3.2755158582571533,0.4856229721398082,1.9426095632650968,0.8273794814581502,1.901133863535469,0.02528597911150185,0.8995113333910829,evaluationTimes 167: 1002.1906546264936, 3.698234483487688
1.2916185888162826,1.0680465142132103,-2.8785753663934863,0.005784692240633702,0.006253802588289896,-0.6451841457128101,9.392479194506586E-4,2.0218161637006644,0.9752069522879688,1.0121723535180782,0.6348769895399805,1.1390585300044374,0.0273591528113461,0.8006798661460636,evaluationTimes 168: 10000.0, 10000.0
1.013068740896005,1.0084069559657223,-0.827256054208409,1.0234170890549002E-4,0.005981184447166519,1.0604880404952355,0.003221743383830011,1.7528817676240425,0.13863570860289523,1.7845159997828,0.2660512166487233,1.0173920950117956,0.02058865722733453,0.922025763570045,evaluationTimes 169: 1065.8350494941392, 1.771196020008529
0.9822671716982029,1.0509701746186149,-1.5093789465218732,0.008973517378806516,0.00484067808669258,0.8914342947345819,0.0031371548172184943,2.710085176789681,0.47213754971139155,1.4647442529158607,1.1812311233007056,1.8392390858173997,0.052290441543197765,0.8111210393767417,evaluationTimes 170: 1020.3122693644726, 0.6838086941674251
1.2926445814006293,1.031349785986455,-2.7952915364052773,0.0036984366855040206,0.0028085274383517645,2.226805722103575,0.004770705295638373,2.728313308645921,0.42668118496652674,1.4333575584276044,0.512627386892972,1.5840859402329766,0.03474712496406803,0.982271298094947,evaluationTimes 171: 10000.0, 10000.0
0.9223630242219943,1.032139554216332,-1.677459728596273,0.0011485248070120394,0.005678249304672726,2.1097851670134746,0.0040867105765063985,2.1950015926585706,0.6318523903052615,1.432308486187245,0.6414614312457156,1.0927507272801178,0.03162287336243226,0.8420598746456254,evaluationTimes 172: 1026.387874348909, 0.6451712266102484
1.2399017277280364,1.070517416221051,-2.661535953830028,0.0028040113094794025,0.00828326482552602,0.41180672607678515,0.004942771256151675,3.1385374111851103,1.0106001958474782,1.4783640933985747,0.5517305551037818,1.9123965534712069,0.014092795620507793,0.8268546666792047,evaluationTimes 173: 10000.0, 10000.0
0.9997350575569698,0.999862905764521,-2.066109483425322,0.006975951843715487,0.00595440703608913,0.0037896053324044665,0.007701987351397213,2.317716180837974,1.0569219411234134,1.790046367887922,0.4438367364757615,1.815914573984874,0.00450347854040823,0.9919860224205789,evaluationTimes 174: 1013.3707406871856, 1.4523395982942466
0.9166996766521801,0.9755363945620431,-2.2973002824854087,0.009082715405994441,0.007453744670133047,2.027187129757933,0.008492164142151669,2.792729951233146,0.47426263287985915,1.8986336676439173,0.9659880928042386,1.7736458078067256,0.07529730555148628,0.9347794357401621,evaluationTimes 175: 1046.5525142467231, 0.755788839164061
1.0247990481338851,1.0231389797392871,-0.955090833020416,0.0018467581615620112,0.004281998305584282,-0.05404792409837067,0.0010208848008852365,3.361890354079725,1.1646922671373605,1.6399532508098107,1.2048169201778454,1.1006800001929213,0.0031079029163577562,0.7340771110337618,evaluationTimes 176: 1012.5156474053617, 1.4759363658016447
1.1244154529096502,1.0528253732798916,-0.9386280447202728,0.008727385193395963,0.006522771523359388,0.6436558962260793,0.0031565026333020925,2.5849399554205883,0.2517983298227621,1.8034037827398945,1.1742341707374246,1.7524839474644105,0.08040693643749292,0.7770134442263854,evaluationTimes 177: 10000.0, 10000.0
1.1191305030974992,1.030807284281462,-2.4993446756294473,9.339637888574879E-4,0.008810368975084316,1.1576895266298237,0.009398196832461094,1.3031254786423414,0.5672288267455403,1.797812114006137,0.5591897432915814,1.4012836531798403,0.0036043316761177626,0.8597144828837323,evaluationTimes 178: 10000.0, 10000.0
1.1327759775866368,0.9546623281564504,-1.120462154916542,0.0011551087575884,0.005221735569702379,1.7570151493598711,0.003375756116541821,1.2353422008838102,0.3816801170926758,1.3794549884563885,0.5944396648025375,1.4530710248590553,0.0027948496808916997,0.948638635253957,evaluationTimes 179: 10000.0, 10000.0
1.0077387582911477,0.9742446802341728,-0.9105294198230789,0.00565970621463765,0.003014231075687761,-0.2872119109398662,0.0037058576759889323,3.3688179615303233,0.9217242360843916,1.0955749671420032,0.508160918190553,1.0009875933202261,0.06886295143156176,0.8420524692871946,evaluationTimes 180: 1080.6176466253835, 0.5205512639223877
0.9578783608975862,1.066994403137509,-2.128033191225789,0.007327777543735158,0.00790719184755536,0.4646397961420326,0.0067891134894967385,3.4360843108997527,0.9312429457408306,1.1145887167971222,0.3352885316309744,1.5440580648907032,0.0749511331319744,0.7291467488776571,evaluationTimes 181: 1039.3774460362674, 0.9926993709919477
1.265890149589533,1.0664592261053525,-2.8270471867224094,0.008678928273614085,0.009759793328022008,-0.08822400667457853,0.009941663513417142,2.901735717368378,0.3139125265905724,1.4679401260915343,0.7874442520750325,1.5788141029021325,0.02654191830529062,0.7602761114897235,evaluationTimes 182: 10000.0, 10000.0
1.1586997985743648,0.9626748384004923,-2.3164699171271206,0.0025757402401227034,0.005408921970111172,1.5960505371834737,0.003468466641891381,1.3355884038085521,0.6596055241950368,1.2745083590177149,0.6286496598698472,1.8129393445180555,0.0682863612924602,0.7545247129037485,evaluationTimes 183: 10000.0, 10000.0
0.923586767354101,1.09159633356847,-1.2909110831715012,0.009123777333131742,0.006667736535006529,1.4322967726577644,0.0028838328879957314,3.393554161511278,0.30990481151191285,1.963773708792043,0.1370434894283883,1.0781808923316027,0.0714808536511888,0.9886160701430162,evaluationTimes 184: 1059.4664636947884, 0.5525915160838022
1.2829486429480834,1.0476710571893983,-1.5910806720991264,0.006323408786367404,0.0013221472145170201,2.3349718769643726,6.675717622576753E-4,1.1079844278987325,0.14754517464641137,1.139362222589182,0.16300752854080358,1.9272057301195227,0.004943338348581267,0.8307653649806216,evaluationTimes 185: 10000.0, 10000.0
1.1914777455351242,1.0199345233118693,-1.9759740659116038,0.004805894229308997,0.001676730023916281,0.5833637985842275,2.5262716000662726E-4,2.1007113945271705,0.9122856825070056,1.2193647467812012,0.64351728151666,1.7300447350434287,0.006848164516735819,0.9178748508332951,evaluationTimes 186: 10000.0, 10000.0
1.0904698059269542,1.0359864389770195,-1.0318964524874144,0.006974302653372944,0.00889806733139212,0.857368799841022,0.00588765861807432,2.825160045430771,0.6692146641157206,1.1296441431615225,0.11815573382129783,1.3637495948066107,0.08951184897784734,0.9225245782527264,evaluationTimes 187: 661.7730097727506, 22.613376874670337
1.2893896861924157,1.0536157717638135,-0.9147775152343767,5.159358770956193E-4,0.008371643550274812,-0.9784138803831248,7.293007642616579E-4,2.6758161275725785,0.2977711935488978,1.800716690294371,0.41697148336815026,1.307238321003921,0.03886332727202338,0.934320022245233,evaluationTimes 188: 10000.0, 10000.0
1.0131875759906286,0.9740615852200243,-1.2720789924456546,0.0016885771991017092,0.009482795325888882,2.5179010815446308,7.365326599662707E-4,1.4266490161088379,0.3672265094944044,1.066222901724962,1.0270590927239973,1.367697312137273,0.04475573446432797,0.9394905760203247,evaluationTimes 189: 783.6846291915803, 0.7650092650987204
0.9970245122015505,1.0479248405903676,-2.0796159140554193,0.008743704973104201,0.0074316540432563475,2.1816782267824815,0.005559755421604559,2.157425527140664,1.0569219411234134,1.7875273720471525,0.4193707356919144,1.8103994546410582,0.0678317293573175,0.8846044888280906,evaluationTimes 190: 984.0131868353459, 0.9919104276342007
0.9737905552794004,1.001242997330597,-0.8208204362133559,0.0031759026362647826,0.0036237071685508364,-0.6133990902806694,0.007842752791382001,2.03245850002796,0.5047035842575355,1.3494913688178012,0.7452582127554079,1.1858336632158066,0.07814644208520598,0.9959304983862315,evaluationTimes 191: 1088.8819298318663, NaN
1.2071001852487784,0.9703184312718972,-2.1365251070732922,0.004769098748496193,0.0030633254990887443,1.5304307638131949,0.004693872618541747,1.1336918083854561,0.8733791003755623,1.87833909560226,0.3831820767010462,1.6180974136291038,0.04812283657343487,0.7729098601621479,evaluationTimes 192: 10000.0, 10000.0
1.2071479608196578,1.0547557019195946,-2.4079010540530796,0.009567037653123686,0.006197235681127679,0.944752018305663,0.00926256677197711,1.312861369949009,0.9479094450350402,1.8332047587224514,0.9630116591411382,1.4356863446661614,0.048066942949870524,0.8270071061960265,evaluationTimes 193: 10000.0, 10000.0
1.1636526357623298,1.0111580323779379,-2.1564296456898413,0.001972821724908706,0.0035652682720352835,-0.08666280840360052,0.005461545289125042,2.2868357545506552,0.9088962282674455,1.9642920014282437,0.5021032379707115,1.3725781019307688,0.09615800271399529,0.8420886888998788,evaluationTimes 194: 10000.0, 10000.0
0.9537771117251975,1.0559970751979635,-0.9105294198230789,0.005683164991369345,0.0075797199030182005,-0.3031308244762245,0.0040206298010541566,3.3688918646799344,0.7501718858908216,1.1238771370962817,0.1362829049249939,1.0154954908016218,0.06887561494786774,0.8759108808790487,evaluationTimes 195: 1089.3122258421731, NaN
1.1558302374885734,1.0967400869858714,-1.6014598019824628,0.005208883960100968,0.0038176024912226557,-0.6495874083959036,0.007570400963831977,2.4306846389297934,0.8314985830405478,1.0512779816431932,0.9468038068208592,1.2801954571298053,0.09936575306689249,0.7041939150560438,evaluationTimes 196: 10000.0, 10000.0
1.1108831187380306,0.9684028013223851,-2.376501912127057,0.0070709623678453775,0.007669596217668049,1.01299245587091,0.007089215972281815,3.118089715129732,0.8162104911191684,1.5306774177703446,1.1669637535343218,1.515526382477829,0.006113621903744533,0.7551604014993416,evaluationTimes 197: 10000.0, 10000.0
0.9470405851340695,1.0228125548695841,-2.869106829135418,0.004942595444579237,0.0029350401489380636,2.1627272148966377,0.00444172804941057,1.0821237461581203,0.4584054330259695,1.7274753138578793,0.3335741674323109,1.1824682867401761,0.008706540970242725,0.7109125024852561,evaluationTimes 198: 878.4686460539419, 0.5361549526662631
0.9008475171342334,0.9957557950514134,-1.2421403812717609,0.0039228972622513975,0.008395599284989336,0.821094811557951,0.008484260411168421,2.4661343020745603,0.30125308003303247,1.7244876766832173,0.7729082695312476,1.8719775124468867,0.04044147481889847,0.8623432800872655,evaluationTimes 199: 1044.591769586752, 0.5855277698234512
1.06704 => 353.49646, 4.41803
1.00774 => 1080.61765, 0.52055
1.07224 => 391.40385, 1.99397
1.05389 => 479.07627, 0.52679
0.94704 => 870.89322, 0.52217
