1.186652899056977,0.9984452256168497,-1.1822171188978539,0.007425443923551313,0.0062164016676317145,1.5022459171694038,0.004584499925859333,1.8447933008231767,0.4335200911883267,1.4959681431174296,1.0402129554660786,1.4473567362047879,0.08160805787224988,0.7550416700173784,evaluationTimes 0: 946.9029741701614, 1.0E7
1.2574660743546775,1.0758308443408002,-1.5068187210218944,0.006312918292272866,0.0046202618223334605,-0.011719128977259352,0.005127558098018105,2.7334480054775825,0.6908975540804811,1.3439181466738879,0.3107371702317609,1.0873547694304972,0.07934196757705872,0.7408425228524235,evaluationTimes 1: 946.9029741701614, 1.0E7
0.9037064759821123,1.004890803579357,-1.5179887981626412,0.0030856682340289713,5.353833869407423E-4,0.45348495308562775,0.0015039284799742037,2.024152886065181,0.7483578189949659,1.5957282078958694,1.1471972365502474,1.878735451894948,0.05600143086285484,0.9553507138837335,evaluationTimes 2: 1182.283281835058, 0.047116984800926895
1.075474213381791,1.02375822711447,-1.725403896067812,0.007337979099871687,7.8353759430786E-4,1.1074795679298441,0.0014390731750963616,1.5070098675394341,0.13375694003617086,1.064213268693173,1.1744707808182369,1.6741041275871082,0.049999513885965005,0.8000645495173918,evaluationTimes 3: 768.880105215268, 0.09637396883919548
1.1406056977272008,0.953557283934768,-0.987805269250678,0.005168209080527133,0.00803046835806411,0.7744267997653553,0.00920538467105307,3.1357897090648987,0.5430668831263272,1.5681047707530573,0.20868702037308423,1.514364311729156,0.06562823601958873,0.943169572559861,evaluationTimes 4: 768.880105215268, 1.0E7
1.0486953552954517,0.976025288558874,-2.3303852608320206,0.009010924387393881,0.009540789773280399,1.2290249813536338,4.5023961696384813E-4,3.217628326289055,0.3478375684316569,1.1851000120180064,0.9208697713859884,1.9064339231185001,0.005450936100037865,0.9498444413397215,evaluationTimes 5: 707.9999339353824, 0.08035204814734097
1.1822029383037391,1.0066582762536842,-0.9186017932967925,0.002712791494179018,2.017713273812062E-4,0.9611649869013172,0.007433223504223064,3.480746300478241,0.8511635039748413,1.6749288344310616,0.9637630850945813,1.2760683942373605,0.004937454286043335,0.908494762788824,evaluationTimes 6: 707.9999339353824, 1.0E7
0.908059195516419,1.0456778106374252,-1.0899172955984975,0.0016659746571702125,0.004870094278845467,0.8199423690329857,0.009254709859772128,2.6931066603190263,0.42217425840778866,1.9039935640238257,0.9134162611978601,1.4659184689569487,0.015122523225023813,0.9483613714246385,evaluationTimes 7: 986.0022890815363, 0.03126928422817886
0.9688962865851722,1.0111407782601964,-2.1120697824841472,0.004916214116149877,0.005718820894189703,-0.1930097259522512,0.004249951734102823,3.4816638932292086,0.6652130438502704,1.0772859362477292,0.3425902269944351,1.8630384375874525,0.07707160943195841,0.7857150082712306,evaluationTimes 8: 972.9197684176293, 0.03981672956448935
1.2552822065401927,1.0988439904084337,-1.450066273426214,0.009873190917472822,0.005931488740964103,-0.14782651214771825,4.651441856681811E-4,2.552513035140355,0.3295734696455872,1.0349516565931076,1.1772575177359088,1.1847225160992283,0.09923513204426,0.908818176388525,evaluationTimes 9: 972.9197684176293, 1.0E7
0.9321314379797445,0.9739034419349024,-2.3782679174979284,0.008516327386713212,0.007864439632859422,1.7662905092460583,0.005774582097082738,3.424510604905544,0.1755917618628472,1.7973994321313251,0.7450030505729024,1.5282540975160954,0.07795466156843309,0.7081472088418258,evaluationTimes 10: 973.8794172354974, 0.03189258901174603
0.9543655909830269,1.0953212920925766,-2.1283741803918015,0.008603796237369224,3.7166162415499366E-4,-0.572596326146745,0.005914151014858109,3.14588352842597,0.471033299530487,1.1606411298357038,1.1559912973608357,1.497886256881773,0.0930881241576544,0.8257042484019752,evaluationTimes 11: 751.0215654515273, 0.04320846477383385
1.2974170830628649,1.067003380782381,-2.3021717115129983,0.009384993746426947,0.0028317517571066343,1.2625962198747613,0.007488333046801504,3.357504360185116,0.3205947058835582,1.6609173125360555,1.2413928240755503,1.4087563462199062,0.018301273861234733,0.7327744645744044,evaluationTimes 12: 751.0215654515273, 1.0E7
1.1204875451457996,1.0403023887097187,-1.0928733653782494,0.002082968182558548,0.0029013660259624196,1.3617462564105773,0.009503112684677247,2.1602397209114095,0.16706777428611158,1.522507515996241,0.39630569856313635,1.3258114971856951,0.05070270645210971,0.9805376176563895,evaluationTimes 13: 751.0215654515273, 1.0E7
0.975002432911776,1.0307588562252428,-2.029656273440663,0.008243211843661597,0.007112222942668054,-0.3749217463745902,0.005508267426570662,1.4709226551986672,0.4247654490621262,1.6380062585502677,1.1461378146031291,1.1407228847433442,0.09149175196258245,0.8522732414755214,evaluationTimes 14: 949.1433934100411, 0.03326475674334205
1.026497997208363,1.0224104351787489,-2.2639288015151573,0.0018920049686548335,8.498975891638507E-4,-0.911194783913996,0.0017035219287827863,3.424589424973904,1.1587351251555433,1.1492061252644166,1.2793349507770753,1.4009665246250629,6.286597634874565E-4,0.817099035259533,evaluationTimes 15: 609.7929470295314, 0.04959200084426605
1.2815800916198383,1.0911534598109691,-2.0825709783475497,0.004136052086115013,0.004140658370761222,-0.002118957714507097,0.003590812259620891,1.8492973066459237,0.945188413709573,1.0809891884180935,0.7951503257768581,1.3310977171594773,0.03137910487576981,0.8787714142799319,evaluationTimes 16: 609.7929470295314, 1.0E7
1.1157353058813895,1.0656842454029116,-1.6710896488705707,0.005393546552151148,0.0013825750402583947,1.5574927495919058,0.009471676016410803,1.4231872353001793,0.5087371730167358,1.090617788607368,0.2888970184592717,1.8587856419184243,0.028046801774118554,0.9337602313914564,evaluationTimes 17: 609.7929470295314, 1.0E7
0.9613615688468674,1.0525939947627134,-2.368504525591036,0.007247969663114554,0.009439849414497962,0.9426814049878178,0.00915795264491961,1.5097841812643793,0.22754186270288734,1.4777750006314347,1.1627751125585435,1.6174327393347523,0.0014020746006778162,0.722332931421595,evaluationTimes 18: 951.9040676297496, 0.03432592057907681
1.14800642201193,1.0105793591519756,-2.8582834861106585,0.002417700597109647,0.007280261616466216,0.7049778466754608,0.004331182332496127,3.2710527401591936,0.23275883071483258,1.7295700865154755,0.39063449805997696,1.0649450288317837,0.07726437077204067,0.9081189963245715,evaluationTimes 19: 951.9040676297496, 1.0E7
1.2972602071660009,0.9609823377737396,-2.603256958629307,0.00826235032287849,0.005631284641633741,2.9772011644443115,0.006394065712624648,1.7412313832465245,0.4254644805580595,1.5307185715096225,0.1574970023755678,1.0316267147236904,0.00799044042806822,0.9547059650618845,evaluationTimes 20: 951.9040676297496, 1.0E7
1.2372632040134186,1.068536553761048,-2.3822033959182707,0.0034347129707412616,0.002601009530689263,1.9713532023401426,0.007315161579554313,2.2034600982612043,0.28481094759671055,1.2595208122130985,1.2664397875549966,1.8605743439821485,0.07335261909720929,0.7772342091010584,evaluationTimes 21: 951.9040676297496, 1.0E7
1.0028392259234675,1.027157752515716,-0.9605852792121978,0.006585437698452949,0.009821506690195173,2.603930393102047,0.0067321208941779976,2.937995444255378,0.6672568352204538,1.22001201833507,0.8121426502128575,1.9258832523777363,0.08924037310610419,0.8920653698565276,evaluationTimes 22: 1033.929850208779, 0.03672649389370496
1.222852651135912,1.0375298705476883,-1.5225743142122057,0.008019111201293842,0.009334029135458496,0.2353170745524089,0.008839464472428648,2.3869348112080147,1.1870435674639543,1.7450566468500033,0.8074965935124845,1.2410935687161981,0.022749618315660896,0.8919168975157556,evaluationTimes 23: 1033.929850208779, 1.0E7
1.2732212210695182,1.0280183789194919,-2.381197679590835,0.003928408797899839,5.558195382556742E-4,-0.12669922919287657,0.009484155411944632,1.060688040193032,0.6971041539599366,1.839674985976648,0.4077705021143203,1.7509699903173106,0.06656260142834755,0.7591804617021987,evaluationTimes 24: 1033.929850208779, 1.0E7
1.052881107772051,0.9790242120150608,-2.5916861786370933,0.006780686198061712,0.0069483896358820876,-0.7501177072909311,0.0019208570117303495,1.5469288946842972,1.1103273764710044,1.2092956395356131,1.0105432436432173,1.9435780398080702,0.03434984625752767,0.7935116510815111,evaluationTimes 25: 590.1552467086493, 0.06909837399000011
0.9801882538948279,1.058309317198191,-2.520209684228774,0.007788892380320293,6.124435651721617E-4,2.432228427753441,0.0041934596262520555,2.2065302286465562,1.0021004230527728,1.076515211300664,0.8026151177527985,1.500263676146605,0.0508356706119263,0.7218470351601171,evaluationTimes 26: 752.9109940715823, 0.03249219220489049
1.0589990822810589,0.9712492712401742,-2.933040977483553,0.0056493746980823545,0.008034514347200932,-0.8937229485183629,0.0018979051853341253,1.1949570937841423,0.8465788232297561,1.6610340988053334,0.23608823478206684,1.9068168266900516,0.09289774372413719,0.8423890503347808,evaluationTimes 27: 657.3123667851747, 0.11347393853995781
1.0309231654094058,1.0662494523511106,-1.7319609836222938,0.006604790864410856,9.432224540845163E-4,0.312524857452261,6.349623160012283E-4,2.5327090431597394,0.9107882203138632,1.5246751900365896,0.1503121304559823,1.19350192288999,0.0608846018050827,0.9389376774525595,evaluationTimes 28: 516.1035587054122, 0.022493253760861892
0.930906294033809,1.0029706880441152,-1.0057999973438554,0.008318726453859992,0.0016251266296768085,0.22227754630008434,0.004740683984967115,3.0591686716978503,0.42591827153433415,1.3512766460518943,0.6749834974522719,1.119995730619554,0.09517129041892466,0.966240517334318,evaluationTimes 29: 987.1062871782207, 0.02940777160698038
1.1103348011213359,1.0283760360174532,-2.34916106141202,0.006578909712874662,0.0017024045031771178,-0.5081191894645913,0.006075480630840787,1.0820979992547293,0.9559386440571691,1.5903153178295162,0.876701531015908,1.2770084604512544,0.052607217884303066,0.749130859045892,evaluationTimes 30: 987.1062871782207, 1.0E7
1.2851558254631361,0.9608900859158105,-2.1274626862305754,0.0076513242799579875,0.005277224961622375,0.4209173443077603,0.005838494753905162,3.2558006388085206,1.1638782749691305,1.024902162770888,0.46181219033271115,1.7094613282295972,0.0892562005395645,0.8922017002311862,evaluationTimes 31: 987.1062871782207, 1.0E7
0.9400437560460077,0.9998837441994614,-1.6074326204765759,0.006338992448002013,0.007509877712827856,2.9828647065574803,0.009365788994603916,1.7173833355324744,0.2177899040516036,1.4283040513937764,0.19458322540841566,1.2801701812835757,0.00796439150194635,0.9042014775748648,evaluationTimes 32: 1001.3537701118607, 0.023977913174497364
0.9970606524567526,1.0946464859542515,-1.6378122875950452,0.0024866459336596236,0.0022069172497967307,0.5055660903380712,0.007001937902984465,2.8317253530318514,1.0358079916042886,1.349625618946179,0.634477748448389,1.3719928487219684,0.070313120064124,0.7001339001676238,evaluationTimes 33: 956.8989178609767, 0.055545933197828065
1.1221010724573948,1.0023991531163392,-1.7827312577249823,0.0036173234334731306,0.008309277936730348,2.2167930507701534,0.008695526610125025,1.154806670986369,0.4562904007361257,1.637468067709967,0.22870217363495957,1.9833720665292005,0.08301257845116124,0.727136255650122,evaluationTimes 34: 956.8989178609767, 1.0E7
1.1512730404522762,1.0491828994367183,-0.9286566015224285,0.007386182594897152,0.009093577854753721,1.597777998962453,0.007000013603226443,1.0209455285022486,0.6565991818068063,1.6577227066200801,1.1302269568834094,1.0073472805938046,0.03331385723377511,0.8483770624687212,evaluationTimes 35: 956.8989178609767, 1.0E7
1.222677907462891,1.0380185050854187,-2.2725301035584424,0.00960126059865015,0.0059837792193384075,-0.4556978186529177,0.0035482738649405933,1.4110946777439195,0.32861665401472867,1.2437958399125293,0.5319971437205059,1.1802747997116179,0.05209832499823831,0.960363178720405,evaluationTimes 36: 956.8989178609767, 1.0E7
0.9093616821856687,0.9727688188717143,-2.5434703628881996,0.005887154085378084,0.009369055878215515,1.2812444249522432,0.008661589425675733,1.7585593591283424,0.514055067302308,1.6592443086346327,0.29243606857774596,1.3516527542370165,0.020294747661176935,0.7091258885407999,evaluationTimes 37: 980.1525705603326, 0.027532342657643576
1.1527419174908762,0.9769335301583607,-1.2743131658526201,0.007541448311517504,0.0057212831030927485,1.4063243594110784,0.0063539236575117656,3.1305544058123953,0.6352521467495807,1.6801718013756253,1.100702647344512,1.0699574387771948,0.09561958104385607,0.9360897570927358,evaluationTimes 38: 980.1525705603326, 1.0E7
0.9859540336010786,1.0107824183515581,-2.2226006826763385,0.009274713984310635,0.006477159037309788,2.6457941642741325,0.009677957278065353,2.8562992405680543,0.5224381500885877,1.930429093113679,0.5622031827847299,1.1532712897444988,0.09301989290258855,0.710293988453559,evaluationTimes 39: 983.0915667643553, 0.051119893621657995
1.2487234939715193,0.9763364536790408,-1.3437209382500064,0.003975142067900842,0.004968590303244988,0.4414806419660522,0.008506397951530987,2.28264393083348,0.9094744864832471,1.9751653336841368,0.43952881074495376,1.429405561885581,0.010099978673125518,0.9169525910356625,evaluationTimes 40: 983.0915667643553, 1.0E7
1.120877355713048,1.0207737839095228,-2.450969976362656,0.008117181982359282,0.00414038879265108,0.27632122024434214,0.009461154877185704,2.036346816604157,0.8415394614382683,1.4641344527679367,0.3643618611112027,1.8482995788082424,0.08363867210380692,0.7373765670221383,evaluationTimes 41: 983.0915667643553, 1.0E7
1.1164411491590196,1.0808694360220599,-2.35277456724842,0.006151464242715123,0.0022950174607010237,0.9431013109426836,9.81800588227546E-4,2.6943029364353155,0.9770817668192571,1.314750117837115,0.1855905522558971,1.9360371720696283,0.09066220868051789,0.8605233896995652,evaluationTimes 42: 983.0915667643553, 1.0E7
1.1248197384007976,1.074694569274574,-1.9662607389777698,0.00918029853370692,2.956938930122834E-4,2.977718291686503,0.007992859891285491,1.5835862576793727,0.29837690488205726,1.296273143023156,0.7100431398121962,1.6872539040673262,0.01611652301268635,0.9655446055208547,evaluationTimes 43: 983.0915667643553, 1.0E7
1.0654839447802262,1.0404157227297255,-2.7453536007253923,0.007069751304699707,0.006952578755718478,2.6076421947361608,0.008150107235770719,2.77554365629399,0.288901365193473,1.7893979186632851,0.9484265338478088,1.252120847960451,0.052071926951612724,0.8953532433347989,evaluationTimes 44: 669.1604620842537, 0.21517508468644733
1.052006034071236,1.0531960943894758,-2.907013336718548,0.0057378030160586836,0.005337538540511841,0.9008726225426225,0.008293189863354387,2.6659827743775324,0.2693961814520004,1.106918870931237,0.14658637408515363,1.3564878464353116,0.06101629683101388,0.8834505820829646,evaluationTimes 45: 769.9837765737065, 0.16663706744596105
1.0773414327568358,1.015613114920435,-2.738451174908419,0.009686473377914877,0.003823201329414496,-0.041896512432592736,8.422783925668514E-4,2.6231990171285684,0.7517656548884191,1.7450761978007245,0.7600397255778105,1.9816674054386152,0.009522364570065955,0.9747792427638303,evaluationTimes 46: 541.6653293435834, 0.2388600815439031
1.1677857076490974,1.0989585221236915,-0.8343215581518626,0.0030937742414494734,0.0024200970526504066,0.17514079066457988,0.005074537022980593,2.5369132959888803,0.5535066340269322,1.9838217063762953,1.2108002132969724,1.3875338044764993,0.04579491557672602,0.9487727308910785,evaluationTimes 47: 541.6653293435834, 1.0E7
0.9566778618473257,1.0566992783606672,-1.264456051987747,0.00455377149908891,0.009608215937553951,-0.5793906592250604,0.002306712642179767,1.8036698605643005,0.8515260731309982,1.1222513103252658,1.2734054254203737,1.0420705850008711,0.09639663710050513,0.7175903905542723,evaluationTimes 48: 995.151734029268, 0.04874675581894202
1.0164255805097833,1.0256254441584363,-1.0529731807855742,0.007348919934867415,0.002532646518143416,1.1694575436132535,0.006367257855202132,3.0995416739700072,0.6913319792408228,1.4829841169596147,1.2240515994811394,1.2779353339286903,0.01963966055456842,0.7080896247587368,evaluationTimes 49: 1012.3227164825411, 0.0908716703182445
0.9916374142291909,0.991345668176429,-1.3162922513906812,0.005480188427854895,0.003753376811845904,0.074201095086881,1.1653131494077944E-4,2.0795768371469814,0.8616166060098828,1.8825660842031469,0.14506662497205305,1.2815096562792792,0.003597247904170237,0.8492852241512956,evaluationTimes 50: 809.6522084829752, 0.02319312599992711
1.0166115478757778,1.0053653056466274,-1.8466935855554276,0.00850938574396175,1.4684583108879454E-4,1.046885748250726,0.006808778556483357,2.6594207464623274,0.9612157493414036,1.0928718566316145,1.0203326891792488,1.5519016821514673,0.03505278663876291,0.7044634648506993,evaluationTimes 51: 533.1413541747087, 0.08263300461307992
0.9492748652056847,1.003187506415611,-0.8332231089978146,0.0037060280312388367,0.005935313096591513,-0.759124971757398,0.007669291680348773,1.7091674346007593,0.680266952537027,1.7642433637124557,0.8692433456154047,1.7502461843957067,0.07822863133714238,0.9052124604691014,evaluationTimes 52: 1044.7903516811011, 0.0
1.016579568201627,1.063144135184376,-0.8610993371010722,0.004074544422791201,0.00881845692822751,0.9891129194579893,0.0037677156556668403,3.031519811317857,1.1279618116844397,1.053174100583088,0.1426643275409946,1.556385543535423,0.01253381050127294,0.9309439702039928,evaluationTimes 53: 1036.355718868848, 0.022854377783560288
0.9374947983516733,1.0155852491297763,-1.634078885235342,0.0065097893468647645,0.0027904908817271636,0.6268833042801019,0.005673117554222139,1.2252379502705149,0.18719546006885676,1.114905360481864,0.13950195484066324,1.414326264197226,0.022053970440393908,0.8181860612022522,evaluationTimes 54: 960.326071294712, 0.02856278838307004
0.9198173615784755,0.9850577528218359,-0.8678148718730072,0.008006622081100015,0.006528501526526571,-0.2543840133515385,0.0034457004283880432,3.4406349533552616,0.4769875771036185,1.4357448921866829,0.7043187873207475,1.4958274145021724,0.08036730816725889,0.8633491399566489,evaluationTimes 55: 1037.464977493151, 0.0
0.9542481487230443,0.9832236081541094,-1.3761799232819258,0.0017370444116808336,0.004364714964716659,0.7007474875640503,0.0027995254086133166,1.543716293238114,1.0783728113670241,1.1511681614845855,0.7395846532314508,1.8793739093130177,0.08803836255658674,0.8469229385392851,evaluationTimes 56: 975.7227642596911, 0.04401320737118335
0.9260722518454613,1.0625920530242985,-2.6435844963363584,0.0034435122216820062,0.009332515500261467,1.525677137914025,0.004051213977837818,2.150110142395207,0.391332746222787,1.1278259480245485,1.0167897068478584,1.5418098271887497,0.08989331879730827,0.7571625112186477,evaluationTimes 57: 891.3523183526513, 0.030856669750891588
0.9446363852187378,0.9861373937105348,-1.2845251184087496,0.004079555520135434,0.0041538656354115355,-0.8885324276192312,0.0060913767582462,2.3522495184206513,0.5557767454641412,1.7801145275353125,0.8985452531007387,1.633212753971716,0.03961145638154605,0.9911980096396461,evaluationTimes 58: 1036.2666088422113, 0.02766859042852958
1.0771543821151706,0.9663114756038754,-1.2166112587617064,0.008427052460351421,0.008238190555587452,2.2354788789120033,0.004320626094350076,3.208749162279196,0.8326551821289944,1.538563684527203,1.0561965274162541,1.3406543853041955,0.0017736887228622224,0.8245367980180095,evaluationTimes 59: 728.7844737948905, 0.36347155248749635
0.9050988399841816,1.0387010029700237,-2.1894612488010634,0.003389484730463166,0.006005031429683105,1.2000996064708982,0.008592324494747608,2.0976698973127634,0.3477339857691062,1.494768159735349,0.2700105968483313,1.9894345870508259,0.059708977730018695,0.9383443999722629,evaluationTimes 60: 955.0630782449645, 0.03139139750612879
1.2435190971537602,0.971325934687052,-2.168905254207283,0.002618836196294019,0.008552058165775735,2.3125393284984357,0.0012386998182654942,1.9635837439837525,1.1189822334396362,1.3406432737720662,0.974775557406655,1.9800857585755802,0.05212624991454508,0.8161052891271362,evaluationTimes 61: 955.0630782449645, 1.0E7
1.286401542659119,1.0940845064314746,-2.835679964545359,0.005693217475266733,0.005849298985979384,-0.5952333414315616,0.007256820858255661,2.1445841608313385,1.119063056789869,1.9448147101459432,0.5152019474804141,1.149179090133066,0.004690993856883522,0.9704378567929642,evaluationTimes 62: 955.0630782449645, 1.0E7
1.2285789813585395,1.0539688110598808,-1.2573917365480891,0.002946853459048874,0.00972429417619664,2.2034013297767387,0.009179905633867941,3.162747861719607,0.504462376770772,1.9420701840701309,0.6502733602479144,1.4997930315265842,0.07584492352261633,0.8495686688274648,evaluationTimes 63: 955.0630782449645, 1.0E7
1.0006402448611407,1.0990667575136184,-2.148493780686394,0.0032613420496041224,0.004206258176621087,1.4075992902218921,0.0017483941065883747,2.941333812648489,0.24906525748831057,1.2908685460566078,1.1121478236456115,1.8378134388165845,0.08544691830031975,0.9241922119935841,evaluationTimes 64: 769.1455917680211, 0.030524908368554284
1.0416916998246841,0.9520608377452046,-1.7068717136058524,0.004643474716714374,0.009424332281364,0.42633118837886474,0.008817710018327644,2.6970833323256236,1.0973897002872286,1.217504830100423,0.13572932663556125,1.5556027875642087,0.08115000000216854,0.7382391607274961,evaluationTimes 65: 942.3723489840725, 0.16028053531253283
1.1902974682735925,1.0534489008437682,-2.0795680238743284,0.009815389199276013,1.616384641216037E-4,1.1144399842521953,0.0024284283313643932,2.1193974573676035,0.3708685022067817,1.7931488395701807,0.34519888476948823,1.3760727250239042,0.047582606733896166,0.7229576809485998,evaluationTimes 66: 942.3723489840725, 1.0E7
1.0431582899171872,1.0276732763802199,-2.7595861330836136,0.009236689954178357,0.009437892535605842,0.4412471463157521,2.05823928500142E-4,2.535965776447733,0.2376737271763511,1.221755110376958,0.5001495196551075,1.4242363314517765,0.06957815807202727,0.722435159492216,evaluationTimes 67: 814.1708569289465, 0.09753539532260662
0.9930052136962795,1.056709737145666,-1.3841571327144113,0.00868749695437767,0.00396782081444493,1.480434999389824,0.003688533279539611,2.1298004889674056,0.43058013716473,1.2853914623992926,1.219955723472397,1.2245395480539167,0.047662121792757486,0.934889701299495,evaluationTimes 68: 973.8238785471519, 0.027945681335734777
0.954230523431356,1.0168730592769413,-2.9902280816574196,0.0015649444887758336,0.003736119720385192,0.3864411554714273,0.004100233012381277,1.8763710289613251,0.2228991103953783,1.0101052002976192,0.6366043194989524,1.3657762410115308,0.03220186567009974,0.9241571342076804,evaluationTimes 69: 842.1778718754666, 0.03087632318464307
1.2037694685965077,1.0525697850915607,-0.9751007222816175,0.0066115606456558385,0.0017317248942149302,2.4531141127735214,0.006924106654913292,2.5787381147700756,1.0282923668115282,1.2942807772191696,1.0498772374814984,1.7981951018342537,0.04495993404276744,0.8414465230516617,evaluationTimes 70: 842.1778718754666, 1.0E7
1.1034921124361203,0.9622299121438251,-2.0357685730762007,0.0029630253365459476,0.005272779410234954,1.808764856858975,0.002956656054075687,1.3519944476071264,0.3450033024281844,1.3906549389763778,0.5904821150725595,1.100814872787225,0.05705876765573462,0.8055309735178333,evaluationTimes 71: 842.1778718754666, 1.0E7
1.2323597779237925,1.0028858992290266,-1.7140065297709857,0.0037659138619510384,1.4201092838621014E-4,-0.016738773185385192,0.0069963997531748015,2.961972856769539,1.0467457526052477,1.126693080548452,0.5098810443500741,1.876909066892161,0.06098886691441551,0.9696789021733011,evaluationTimes 72: 842.1778718754666, 1.0E7
1.030641530023868,0.9958187703718707,-2.9365616377094113,0.0034170262259823193,0.008770006404315127,2.165300977559963,7.409621379840365E-4,2.1293298533436302,0.36370086831499626,1.1425587512268434,0.15315530779888514,1.7733447375219356,0.06315241554543023,0.9625216811264543,evaluationTimes 73: 806.9174640538123, 0.06891650134760237
0.9373054428084209,1.0137214107185604,-1.8600898169751996,0.006660578891241596,0.0017694592334741585,2.5494983822675437,0.00407158081300963,2.7145998737432695,1.1788621179325307,1.3644404088296005,0.3842120342304789,1.133655278767271,0.048102059500306625,0.7816547417861877,evaluationTimes 74: 954.0295680558713, 0.02593170053329141
1.2851099623744848,1.085207012650031,-2.5785155752616697,3.248841506238922E-4,0.0010795265436524379,0.4414433664949824,0.0077967036225721435,3.3783153925277722,0.698154133919313,1.3025303665300474,0.18039199212601098,1.0547319986822525,0.03482661717409456,0.9775737975416926,evaluationTimes 75: 954.0295680558713, 1.0E7
1.2220123342099338,1.034497326286468,-0.8418214741772432,0.006229210408868587,0.0052122504902029606,1.904554772760613,0.007859834851257078,1.0792450505145392,0.4955500882844385,1.4258541447305686,1.1988407300203925,1.7268188108381302,0.06899174571468203,0.8597048562065119,evaluationTimes 76: 954.0295680558713, 1.0E7
1.1672025868096492,0.9873711793635133,-2.559393705946305,0.007125483432931057,0.007637767939459915,1.963131477353163,0.001356447847153945,1.6546706185946283,0.9675471414428936,1.009997198320134,0.40799464530988594,1.0698470724659321,0.00983260894696256,0.8924170624518009,evaluationTimes 77: 954.0295680558713, 1.0E7
1.078922705906522,0.9564483622728278,-2.376470807110805,0.004997963398784183,0.0030430535856984364,1.9994912747583635,4.374747921036519E-4,2.4587945870186743,0.33517873367452783,1.7675931106162588,0.6977182509028185,1.6535766358687973,0.08685137042178866,0.9054446174140414,evaluationTimes 78: 512.2294058916543, 0.21386117857410947
1.002524538374385,1.0558320185201926,-2.0888287501941,0.00794930117439756,0.0029605541281331545,-0.6209747474777698,0.008952070343908502,2.7058945719183787,1.0915531162764018,1.083028343826297,0.5644629834626765,1.1815237988739828,0.006732932602168469,0.7223729419969339,evaluationTimes 79: 935.2446628411835, 0.07704855499355097
1.238452436525554,0.9908635595416375,-1.161932120600367,5.475498629422479E-4,0.0038684422879401476,1.4613828773891013,0.008265434825498507,1.886761693058974,0.3927467332916298,1.2252038965062677,0.781802351579024,1.2277569834512605,0.06965624766882456,0.7185875338616032,evaluationTimes 80: 935.2446628411835, 1.0E7
1.2997596202483663,0.9707994190821618,-2.5453723355680795,5.260201247087983E-4,0.0025420649220996338,1.8115383993956682,0.003742129467628639,2.6145523481497714,0.8569647026557347,1.555856545119273,0.9715632630467854,1.9307207870844114,0.042145216057705256,0.7774603794171854,evaluationTimes 81: 935.2446628411835, 1.0E7
0.9504120871479752,1.0190647432784028,-1.1795092625270225,0.004319435977233135,0.006122382968510009,-0.18624407967821988,0.004064686116415649,1.1438906119071892,0.2223696938235037,1.9734517785161863,1.1747978293224517,1.7680363522997584,0.023630626856470063,0.7728261254686208,evaluationTimes 82: 1007.969084889252, 0.054739071782542434
1.1213875008633296,0.9699466436328752,-1.1044753904703666,0.003422030840558306,0.002871218604259753,-0.7529457961148642,1.771180439482035E-4,1.9438985699859326,0.28266197471617943,1.5056416033290818,0.4881683070206001,1.619809299947083,0.08275179516334873,0.806199709309993,evaluationTimes 83: 1007.969084889252, 1.0E7
0.9056605679382733,1.025658671662019,-1.5803324076081608,0.009545611582475326,9.674951653577287E-4,0.30485386867533126,0.0030459282345871815,2.0516667848575096,0.8526093884680913,1.3565569167251934,0.5107536546011359,1.27651637502551,0.08626759073179878,0.997556552777643,evaluationTimes 84: 873.2382831314712, 0.029822461968332676
0.9716492559464853,0.954256173835475,-1.7860244006127086,0.003974442150067842,0.008380468948387586,1.1193048629460485,9.006961010893437E-4,1.0989061912521354,0.14101467400191275,1.8686143386681917,0.9659868859280356,1.4383734326402966,0.03258375282661877,0.8380370623961543,evaluationTimes 85: 798.7192186085074, 0.023155738778841656
0.9663681811895009,0.9707189321103904,-1.7331103451028338,0.00616391731821254,0.004681188984503733,1.4606531681352406,0.0026423517499958547,1.6053273657237286,0.3982021370896902,1.4741483490676728,0.9513852749509881,1.6310281405134217,0.052615683164493846,0.7064396854656761,evaluationTimes 86: 905.1010695039191, 0.03467017066398072
0.9230691487008391,1.0037710791194123,-1.8226890026051983,0.005481620287009292,0.008597710794666626,0.8541930238161202,0.0029775950945012983,3.4063219063460597,0.3289816177271899,1.9578862406532798,0.9889131808309863,1.9485189331316088,0.039021829244184916,0.816276952718002,evaluationTimes 87: 983.8274081687855, 0.02836402295071181
0.9204209637637468,1.0773663895196326,-1.8765593120825468,0.0018564556497190799,0.0017327703403561417,2.4924329812337573,0.0069011849840981436,3.2993957525393878,0.733541105257268,1.6904138107465077,1.0419152894950139,1.11772845420028,0.07990924971032294,0.7148311214153097,evaluationTimes 88: 915.456025054211, 0.033153537572608666
1.0681291470756311,1.0435074398628192,-2.450443828993441,0.006370275565081548,0.0014834993461448308,-0.5888021019240641,0.0022005538452623138,3.4012952531367464,0.7542133789213649,1.1493028167266914,0.1654676497335105,1.8020703019043447,0.03840477938506048,0.9672554553573894,evaluationTimes 89: 348.16913758290195, 0.17373985394194916
1.0273449788180742,1.0356971718201777,-2.067985440721502,0.002668790350664295,0.002046579512579759,-0.5939750311838399,0.007069765100792735,1.6653825970450806,0.2718202682514261,1.3938980719913678,0.28455619426006207,1.3116933553485803,0.08396975651392834,0.882405109952824,evaluationTimes 90: 801.6132451650918, 0.0886433582648583
1.2230335335738962,1.0101125273733618,-1.0820004113077741,0.0034430979561778674,0.0066613769986299375,1.502647155267823,0.001004475653802927,2.866779295802467,0.11893305819992961,1.8933561073430047,0.9648117768517139,1.9578835793839031,0.02385400547913153,0.9238009341787503,evaluationTimes 91: 801.6132451650918, 1.0E7
0.9100600822577011,1.0744982091606685,-2.4436342796923345,0.0022764667720594814,0.008854521066683009,0.20999006836468226,0.001103436858619628,1.2298350148574657,0.6262566553801242,1.0779599215382645,0.44418486957654313,1.913906883762297,0.03122161386609267,0.8341959352524049,evaluationTimes 92: 827.1945826775528, 0.020276467465240432
1.1741728027203349,1.0671622766059805,-1.871508574944755,0.009327071199457752,0.0010381976768217161,-0.9668711683255742,0.003896883327626355,2.8861884745570783,0.592380028966274,1.9169884420106316,0.36667583517245494,1.1269782404794007,0.007337820297358084,0.8482052861796334,evaluationTimes 93: 827.1945826775528, 1.0E7
1.00065702358479,0.9939382493166705,-1.0661941259690262,4.142777765085508E-4,3.3503496455252125E-4,0.4467068657232067,0.0035008737747061966,2.466986001472694,0.8465173290746598,1.068993419247435,0.6787806422801166,1.2722958510359426,0.039633996184745716,0.7084514603205134,evaluationTimes 94: 807.2559286374898, 0.0420882953749965
1.2195040730342463,1.0828079657952032,-1.00879643186534,0.007367817476400697,0.0037651823756707143,2.3662747021934862,0.00889071333140624,1.6250160328886145,0.8599720610060357,1.1320110819999076,0.9882998678273075,1.769739297756371,0.09125972858446514,0.9336909022244959,evaluationTimes 95: 807.2559286374898, 1.0E7
1.0651029654153743,1.0333056884334244,-1.1070309860396779,0.005737349622233846,0.006377479055470909,0.0020202120224013242,0.007914792411671926,2.3309921059173306,0.18161696847774622,1.4873575221472897,0.7820042001952427,1.6868444273585523,0.07327820489859253,0.7280739637566198,evaluationTimes 96: 879.261503163564, 0.47730492973540517
1.0065620129424926,1.0530066053739695,-1.6362554719990334,0.007491873256067424,0.0017977791114567095,2.1855154734723694,0.002916996477937157,1.5572189719339975,0.69528348354026,1.0363895296169723,0.4579451385024088,1.0095966562672276,0.017265492037321684,0.9476961219447486,evaluationTimes 97: 813.0792696972017, 0.03465241924573043
1.0642992412818642,1.0473158217755907,-2.657750196139258,0.004519587502766485,3.889470548008821E-4,1.1332039564580931,0.004095077978138828,1.948753637459352,0.3484500557356307,1.9246781401934376,0.7360354894116193,1.2366816538385388,0.08727026238746644,0.8739350951057079,evaluationTimes 98: 356.5276803552016, 0.1322694485560644
1.200153126991946,0.9962984629925709,-2.2229507361648624,0.004189527457143101,0.0036838450880532845,2.8967056537762135,0.009841131528528498,1.4282194397870147,0.6083634249290708,1.9919514632386572,1.2473252242597739,1.8734441343695725,0.08756877573129432,0.7702713603176253,evaluationTimes 99: 356.5276803552016, 1.0E7
1.03092 => 516.10356, 0.02249
0.91982 => 1037.46498, 0.00000
1.06813 => 348.16914, 0.17374
0.91006 => 827.19458, 0.02028
1.06430 => 356.52768, 0.13227

